64.000000 -0.199757457 -0.016067479 -0.005515112 0.004673107 -0.019069752 0.007489077 0.999779165
65.000000 -0.274715602 -0.025044955 -0.012619738 0.006682177 -0.023115041 0.008018447 0.999678314
66.000000 -0.346976817 -0.033205021 -0.019501762 0.008846925 -0.027983630 0.009908641 0.999520123
67.000000 -0.408706963 -0.044018451 -0.024186887 0.010470024 -0.035863951 0.014925341 0.999190390
68.000000 -0.482894659 -0.056923188 -0.032455623 0.012366395 -0.040816832 0.017282790 0.998940647
69.000000 -0.556976974 -0.071612068 -0.043060537 0.014573117 -0.045225769 0.018615736 0.998697042
70.000000 -0.629251540 -0.088732190 -0.057234351 0.017206257 -0.049652360 0.019625200 0.998425484
71.000000 -0.689150810 -0.102499425 -0.064721420 0.018667538 -0.054601990 0.023052286 0.998067498
72.000000 -0.763646185 -0.118865013 -0.077198371 0.020934116 -0.057920419 0.024673326 0.997796655
73.000000 -0.843040645 -0.133096382 -0.088136874 0.023400836 -0.059764095 0.023976441 0.997650146
74.000000 -0.904520035 -0.143987685 -0.092684425 0.024814138 -0.062611967 0.025688475 0.997398674
75.000000 -0.961977065 -0.153731763 -0.103400491 0.027068941 -0.064272560 0.026107471 0.997223496
76.000000 -1.012212515 -0.159480110 -0.103598244 0.028125040 -0.063569255 0.025532376 0.997254252
77.000000 -1.054360628 -0.162365139 -0.107682958 0.029654648 -0.063836500 0.024577150 0.997216880
78.000000 -1.091513872 -0.165992841 -0.116488129 0.032223932 -0.063216850 0.024594119 0.997176170
79.000000 -1.126569152 -0.168781340 -0.120493002 0.033471607 -0.062531762 0.023202809 0.997211635
80.000000 -1.151385069 -0.170483619 -0.124384210 0.034888640 -0.063499346 0.023591386 0.997092783
81.000000 -1.178297877 -0.171929419 -0.127695143 0.035807241 -0.063529514 0.022157354 0.997091234
82.000000 -1.198280454 -0.171247825 -0.128984898 0.036449268 -0.063613303 0.022344124 0.997058451
83.000000 -1.215329766 -0.170266509 -0.129247800 0.036606196 -0.063610449 0.021348108 0.997074723
84.000000 -1.229441285 -0.169009060 -0.129554883 0.036738522 -0.063360900 0.020536276 0.997102797
85.000000 -1.243432879 -0.165776834 -0.129342511 0.036976840 -0.062705204 0.019328238 0.997159541
86.000000 -1.253084660 -0.163515016 -0.129173726 0.037008267 -0.062116731 0.019735025 0.997187257
87.000000 -1.262706757 -0.161906615 -0.128106132 0.037135210 -0.060358059 0.018960020 0.997305572
88.000000 -1.268996239 -0.161122128 -0.128286168 0.037329152 -0.060092438 0.017385062 0.997343063
89.000000 -1.275205016 -0.159543902 -0.128266931 0.037618972 -0.059880439 0.016305741 0.997363150
90.000000 -1.284680367 -0.156696275 -0.126647294 0.037651934 -0.058609873 0.014785709 0.997461081
91.000000 -1.292688727 -0.154722005 -0.126339629 0.037804659 -0.057472434 0.012772041 0.997549295
92.000000 -1.300796270 -0.153048843 -0.126245677 0.037951522 -0.055605583 0.011097673 0.997669578
93.000000 -1.305469871 -0.150753558 -0.126034558 0.038018107 -0.054963395 0.009655865 0.997717619
94.000000 -1.311328292 -0.149442673 -0.125106841 0.038009416 -0.052467488 0.007797247 0.997868538
95.000000 -1.313811421 -0.148423225 -0.126327768 0.038453739 -0.050628755 0.005617582 0.997961164
96.000000 -1.312378168 -0.142846912 -0.122620732 0.038781140 -0.049736660 0.003854342 0.998001695
97.000000 -1.311634421 -0.139250591 -0.121694624 0.039118037 -0.047860850 0.002364007 0.998084903
98.000000 -1.303666472 -0.130265832 -0.116074808 0.039246317 -0.045691997 0.001104793 0.998183727
99.000000 -1.291138649 -0.121166416 -0.114401937 0.039701425 -0.043446094 -0.000824734 0.998266280
100.000000 -1.271412134 -0.117355980 -0.111152560 0.039710715 -0.040654410 -0.000450331 0.998383760
101.000000 -1.256985903 -0.115401156 -0.109669790 0.039966643 -0.036569517 -0.002097437 0.998529375
102.000000 -1.241840720 -0.112204388 -0.108891167 0.040838711 -0.032641556 -0.004186425 0.998623669
103.000000 -1.213485003 -0.106682539 -0.110099874 0.042924676 -0.032591254 -0.004680600 0.998535633
104.000000 -1.194929600 -0.104061805 -0.109825574 0.044261795 -0.029198250 -0.006270186 0.998573542
105.000000 -1.171909213 -0.101517253 -0.108764693 0.045479801 -0.026712447 -0.007177227 0.998582304
106.000000 -1.144979954 -0.096988149 -0.113729216 0.048391171 -0.025103031 -0.007656389 0.998483598
107.000000 -1.120511055 -0.091913432 -0.114212930 0.050262164 -0.022471089 -0.008632692 0.998445928
108.000000 -1.093054056 -0.087402120 -0.113718837 0.051740211 -0.019980466 -0.009187007 0.998418391
109.000000 -1.063235164 -0.082276188 -0.119134754 0.054265093 -0.018134898 -0.008553559 0.998325229
110.000000 -1.034378767 -0.074259393 -0.118677512 0.056055553 -0.015885925 -0.008732834 0.998263061
111.000000 -1.006054401 -0.066680260 -0.120075181 0.057735387 -0.013788980 -0.009111263 0.998195112
112.000000 -0.974818945 -0.059855919 -0.122735262 0.059324909 -0.011942867 -0.008538367 0.998130739
113.000000 -0.948381007 -0.049788162 -0.120680273 0.060140245 -0.009266737 -0.008853603 0.998107672
114.000000 -0.923928142 -0.039998859 -0.118117973 0.060575705 -0.006979451 -0.010217550 0.998086870
115.000000 -0.894182622 -0.032744370 -0.125142530 0.062237747 -0.004807374 -0.009502969 0.998004496
116.000000 -0.869778097 -0.020973161 -0.126476422 0.063429222 -0.001748676 -0.010042979 0.997934282
117.000000 -0.844211638 -0.010342278 -0.126880720 0.064347565 0.000391192 -0.010407350 0.997873187
118.000000 -0.821802616 -0.002406115 -0.127745450 0.065375559 0.003221675 -0.010506786 0.997800171
119.000000 -0.799357414 0.005945299 -0.130714491 0.067192227 0.005847769 -0.010365792 0.997669041
120.000000 -0.778428853 0.011760725 -0.133632749 0.069252916 0.008529637 -0.010693714 0.997505367
121.000000 -0.757729232 0.016954465 -0.137428716 0.071712017 0.011024678 -0.011059124 0.997303128
122.000000 -0.733732164 0.019537443 -0.142855972 0.074733317 0.013485377 -0.011032124 0.997051358
123.000000 -0.707984746 0.019492790 -0.149407104 0.078020215 0.016021997 -0.010849359 0.996763945
124.000000 -0.678795874 0.017308429 -0.156681091 0.081764989 0.018173452 -0.010847311 0.996426880
125.000000 -0.650584996 0.017830888 -0.166110128 0.086421527 0.021270618 -0.011021834 0.995970607
126.000000 -0.621430159 0.018035037 -0.174027264 0.090681836 0.025278365 -0.011250327 0.995495498
127.000000 -0.588609338 0.019830208 -0.184214219 0.095417388 0.028565865 -0.011434576 0.994961679
128.000000 -0.555190086 0.024752859 -0.197329462 0.100749254 0.032196123 -0.011421465 0.994325161
129.000000 -0.520460486 0.029332388 -0.204926237 0.104688831 0.036641993 -0.011265716 0.993765950
130.000000 -0.482592613 0.034874894 -0.214791328 0.108515486 0.038294353 -0.011509462 0.993290186
131.000000 -0.440900594 0.041465141 -0.232225209 0.113435023 0.041824237 -0.010421740 0.992610037
132.000000 -0.389695734 0.052769251 -0.242150992 0.117442198 0.043053329 -0.007995714 0.992113829
133.000000 -0.344544739 0.057073049 -0.249026954 0.119811974 0.045953408 -0.007222523 0.991706192
134.000000 -0.284598470 0.064789206 -0.265714049 0.124043390 0.047104310 -0.004205714 0.991149187
135.000000 -0.222872391 0.074576609 -0.281866580 0.128310993 0.048891436 -0.000304272 0.990528047
136.000000 -0.164898619 0.078445502 -0.294039100 0.130896613 0.051116820 0.001628041 0.990076005
137.000000 -0.078214258 0.089215025 -0.318269312 0.135918483 0.050800752 0.008732780 0.989378214
138.000000 -0.015516141 0.098557293 -0.328527540 0.138906419 0.054143317 0.012555928 0.988744557
139.000000 0.074810699 0.116200052 -0.349634320 0.144558981 0.052753985 0.021513131 0.987854719
140.000000 0.168078065 0.132595956 -0.370919138 0.150116965 0.050348487 0.030714361 0.986907542
141.000000 0.231428638 0.144299328 -0.381470472 0.153198957 0.052287817 0.036183383 0.986147463
142.000000 0.318462431 0.164564222 -0.393835157 0.157546252 0.049431145 0.045708377 0.985213935
143.000000 0.403350055 0.189083755 -0.407054901 0.162813738 0.046115309 0.056430910 0.983961701
144.000000 0.440743983 0.195450246 -0.392840385 0.161528870 0.047505312 0.058774494 0.983970106
145.000000 0.507790446 0.221150547 -0.394023061 0.164952457 0.044038247 0.067527823 0.983001173
146.000000 0.567107141 0.242096573 -0.387490749 0.166259021 0.041294251 0.075272217 0.982337415
147.000000 0.589584589 0.247365326 -0.383778304 0.166054875 0.042822052 0.076320216 0.982225657
148.000000 0.631838262 0.262137502 -0.376498699 0.166630089 0.041087911 0.081591465 0.981778502
149.000000 0.672168195 0.278843820 -0.368113607 0.167509511 0.038670879 0.086240791 0.981329560
150.000000 0.684812844 0.282920122 -0.371577203 0.168224514 0.041209068 0.086237967 0.981104136
151.000000 0.711161613 0.292102665 -0.362981766 0.168108642 0.040801287 0.088886142 0.980904639
152.000000 0.754295826 0.311780125 -0.350581497 0.168923050 0.037460677 0.095374569 0.980288446
153.000000 0.748783708 0.305329472 -0.365864724 0.170497298 0.042348340 0.091547936 0.980181754
154.000000 0.771717906 0.311862350 -0.360707164 0.170834452 0.042126030 0.093350708 0.979962587
155.000000 0.794924200 0.321151495 -0.355583519 0.171588391 0.042495131 0.095970154 0.979561806
156.000000 0.817602575 0.331886262 -0.349047780 0.172468990 0.042577080 0.098264597 0.979176044
157.000000 0.827036083 0.337147951 -0.362353027 0.175592557 0.045962524 0.097601317 0.978533924
158.000000 0.852301121 0.349006355 -0.355916709 0.176734582 0.046203706 0.100266777 0.978047371
159.000000 0.871219158 0.358822882 -0.360619515 0.179142639 0.048349060 0.101125710 0.977416933
160.000000 0.898504257 0.371239066 -0.354749233 0.180514157 0.049033806 0.103553250 0.976876140
161.000000 0.918108344 0.381458730 -0.358853340 0.183072343 0.051271055 0.103724636 0.976266861
162.000000 0.946213186 0.393009186 -0.353852242 0.184580311 0.052623730 0.105995819 0.975666821
163.000000 0.968611717 0.404034793 -0.359801531 0.187759146 0.055157136 0.106194921 0.974898398
164.000000 1.000535369 0.417323470 -0.355923504 0.189838171 0.056093201 0.109038800 0.974128127
165.000000 1.024866581 0.425569057 -0.361807704 0.192657918 0.058587939 0.109733850 0.973349273
166.000000 1.057465434 0.434943676 -0.359209210 0.194274470 0.058937944 0.112350933 0.972708106
167.000000 1.082252383 0.443631887 -0.365344346 0.197205454 0.061684318 0.113056988 0.971865833
168.000000 1.113203406 0.452944458 -0.364863068 0.198918179 0.062863499 0.115388140 0.971166968
169.000000 1.138956308 0.462019205 -0.369802833 0.201323658 0.064950638 0.116088651 0.970450222
170.000000 1.172919154 0.470332146 -0.369026095 0.202189907 0.065040864 0.118445247 0.969979227
171.000000 1.198668599 0.481307566 -0.372245014 0.203955397 0.067768447 0.118673667 0.969394743
172.000000 1.235503316 0.492898613 -0.370854795 0.204379946 0.068175390 0.120861538 0.969006419
173.000000 1.272429466 0.507917345 -0.368865967 0.204783410 0.069388404 0.122737534 0.968599260
174.000000 1.301440239 0.523103595 -0.370827764 0.205728456 0.072869100 0.122550286 0.968167007
175.000000 1.345218897 0.540905595 -0.368382007 0.206044331 0.073776349 0.124791980 0.967744648
176.000000 1.390468955 0.557965398 -0.367330015 0.206480846 0.075432487 0.127137661 0.967218518
177.000000 1.437162042 0.576025367 -0.367690206 0.207114831 0.078164369 0.129606441 0.966538131
178.000000 1.483157873 0.594477117 -0.374697924 0.208761096 0.081082352 0.130387709 0.965838253
179.000000 1.541125298 0.620586514 -0.373260796 0.210304081 0.081861205 0.135005251 0.964802802
180.000000 1.599354386 0.646049440 -0.374710828 0.212000340 0.083237708 0.139893577 0.963616669
181.000000 1.651132703 0.666563153 -0.375679165 0.213032410 0.085682511 0.142367080 0.962812185
182.000000 1.710243464 0.693094492 -0.369210035 0.214214712 0.085232824 0.147289544 0.961848855
183.000000 1.762544274 0.717850208 -0.370154202 0.215941384 0.087200120 0.151536137 0.960625947
184.000000 1.815863609 0.744644165 -0.362362772 0.216844380 0.086875945 0.157412142 0.959506392
185.000000 1.861298442 0.765587568 -0.367663056 0.219081879 0.088364527 0.160688043 0.958318412
186.000000 1.913264036 0.788132906 -0.363066375 0.219815433 0.087735131 0.166323170 0.957246184
187.000000 1.959184766 0.813376546 -0.356670380 0.221043810 0.087926850 0.171245947 0.956077039
188.000000 1.986533999 0.828140259 -0.363972127 0.222921789 0.092070699 0.171521083 0.955201209
189.000000 2.029187202 0.850007355 -0.359354258 0.223833621 0.091980428 0.175965235 0.954187751
190.000000 2.067530632 0.871359229 -0.351954639 0.224082038 0.092529394 0.179082781 0.953496158
191.000000 2.091341972 0.883640051 -0.359592587 0.225439265 0.096981682 0.177226201 0.953080535
192.000000 2.125259638 0.903275609 -0.351644903 0.224966735 0.098253809 0.179781467 0.952583194
193.000000 2.153562784 0.921059251 -0.356225818 0.226237014 0.101295464 0.179437160 0.952028573
194.000000 2.184729338 0.939741194 -0.348563641 0.225585267 0.102716483 0.181234166 0.951690495
195.000000 2.209882975 0.956842184 -0.354529619 0.227233022 0.105593927 0.181121781 0.951004684
196.000000 2.236115217 0.972129285 -0.348426491 0.226813406 0.106990114 0.182513893 0.950682640
197.000000 2.258398533 0.986773133 -0.344820797 0.227250680 0.108729854 0.183500960 0.950190663
198.000000 2.277207375 1.000662208 -0.355228812 0.230407447 0.110899955 0.183713734 0.949137986
199.000000 2.291446209 1.010855198 -0.353743166 0.231783226 0.112437613 0.185280368 0.948317170
200.000000 2.305214405 1.022170067 -0.358005852 0.234892309 0.113010861 0.186259538 0.947291672
201.000000 2.315440416 1.029909253 -0.356870413 0.236998945 0.113406233 0.187413603 0.946491778
202.000000 2.324927092 1.038581014 -0.354450047 0.239672855 0.113297567 0.189088047 0.945497930
203.000000 2.332015753 1.049247622 -0.359605521 0.244541228 0.114230141 0.190633073 0.943827331
204.000000 2.337212324 1.056115389 -0.358027905 0.248180524 0.114247330 0.191944867 0.942608654
205.000000 2.339987278 1.065725446 -0.361300170 0.253460169 0.114825912 0.193605468 0.940792143
206.000000 2.338684082 1.070961595 -0.357585907 0.257166296 0.115108550 0.193593845 0.939753652
207.000000 2.337596178 1.076624155 -0.355491549 0.261029661 0.115595274 0.193620443 0.938622594
208.000000 2.337168932 1.081699371 -0.352627486 0.264504790 0.115254626 0.193696469 0.937675476
209.000000 2.335447788 1.086890578 -0.347314268 0.267325610 0.115243010 0.194263369 0.936759174
210.000000 2.335359335 1.091278195 -0.343116224 0.269997239 0.114386410 0.195067182 0.935930550
211.000000 2.336114645 1.095483541 -0.339433074 0.272485465 0.113233693 0.196024969 0.935149193
212.000000 2.337345600 1.099595904 -0.337390155 0.275094509 0.112126939 0.196921989 0.934329867
213.000000 2.337866545 1.104120016 -0.333471298 0.277415544 0.110719860 0.198356122 0.933507681
214.000000 2.337731123 1.107806563 -0.329498917 0.279460788 0.109752230 0.199328721 0.932804465
215.000000 2.338579655 1.111956000 -0.325707853 0.281752855 0.108115286 0.200180650 0.932123423
216.000000 2.339489698 1.117454052 -0.322365046 0.284470528 0.106950983 0.201696575 0.931105018
217.000000 2.338925838 1.121214032 -0.317090750 0.286659688 0.105534568 0.202947557 0.930323005
218.000000 2.340278864 1.128088593 -0.311557621 0.289878815 0.102945149 0.205124751 0.929137468
219.000000 2.343050480 1.136120081 -0.305349618 0.293401629 0.100223795 0.207628131 0.927772164
220.000000 2.352352858 1.149322748 -0.300491631 0.298074484 0.096603259 0.211908206 0.925696611
221.000000 2.362542629 1.163537145 -0.291444510 0.302231520 0.093928635 0.216263056 0.923614562
222.000000 2.375340462 1.174875736 -0.274759203 0.304635286 0.088909790 0.219979286 0.922443211
223.000000 2.387060404 1.190021276 -0.267275095 0.309118778 0.085681707 0.224382117 0.920193911
224.000000 2.397173166 1.198026419 -0.254364818 0.311173230 0.081001885 0.227730155 0.919102252
225.000000 2.410594463 1.212360024 -0.248216495 0.316058218 0.075829335 0.232834280 0.916594386
226.000000 2.421214819 1.220538020 -0.237071753 0.317990124 0.070658326 0.236696541 0.915349364
227.000000 2.425659418 1.227982163 -0.229478106 0.320689261 0.068282679 0.239608228 0.913829148
228.000000 2.431945562 1.235739708 -0.223487347 0.323580354 0.064820237 0.242137581 0.912394345
229.000000 2.436653137 1.241246939 -0.216625869 0.325594306 0.062237859 0.244180471 0.911312640
230.000000 2.440203667 1.247014165 -0.209952220 0.327765137 0.060375020 0.246214107 0.910111845
231.000000 2.444192171 1.255895615 -0.207692116 0.331477284 0.059265614 0.247691259 0.908437908
232.000000 2.446843147 1.260993481 -0.201269940 0.333476931 0.058052205 0.249256462 0.907355666
233.000000 2.450700283 1.266558051 -0.193939924 0.335868210 0.055863570 0.250614017 0.906236410
234.000000 2.450951576 1.272791743 -0.187183708 0.339071929 0.055214375 0.251673847 0.904788315
235.000000 2.448322058 1.282504320 -0.185244605 0.344640940 0.056682386 0.253106087 0.902190149
236.000000 2.449322939 1.289356470 -0.181979164 0.349673420 0.055670537 0.253625810 0.900168419
237.000000 2.447003603 1.293745995 -0.179031551 0.354447603 0.056901164 0.253032148 0.898389637
238.000000 2.446506500 1.300546050 -0.176037952 0.360026032 0.057929717 0.253801852 0.895885050
239.000000 2.447301149 1.304957867 -0.175514400 0.365135431 0.058633640 0.253270924 0.893919468
240.000000 2.446391344 1.311988235 -0.173247233 0.370992333 0.059524845 0.253036141 0.891512334
241.000000 2.448558569 1.320324659 -0.170484021 0.376278669 0.058840953 0.254417628 0.888945282
242.000000 2.449641228 1.326364279 -0.167428046 0.380403131 0.058147468 0.255278856 0.886986494
243.000000 2.448274136 1.329353333 -0.163942486 0.383679032 0.058185712 0.255684614 0.885454774
244.000000 2.451228619 1.332524419 -0.159746915 0.386254221 0.056214582 0.256909370 0.884106994
245.000000 2.450477362 1.338000298 -0.156437904 0.389997184 0.055679049 0.257922053 0.882200778
246.000000 2.451425076 1.341875076 -0.152120173 0.392866850 0.053793233 0.259038806 0.880716085
247.000000 2.449384689 1.344349623 -0.147854894 0.395347118 0.053501274 0.259684861 0.879432797
248.000000 2.449532270 1.348781228 -0.142503574 0.398182958 0.051878154 0.261221290 0.877794087
249.000000 2.449819803 1.353622437 -0.136863858 0.401291937 0.049942631 0.263177305 0.875904262
250.000000 2.450795174 1.359079599 -0.131088749 0.404636174 0.048253417 0.265474141 0.873764634
251.000000 2.458702803 1.374210000 -0.122409016 0.410268873 0.044504836 0.270853162 0.869676590
252.000000 2.463900805 1.394756317 -0.116564378 0.417451948 0.044681389 0.278116763 0.863937795
253.000000 2.471206665 1.421812415 -0.113368183 0.425863475 0.045550723 0.287770361 0.856594205
254.000000 2.473452568 1.455930710 -0.102789328 0.436492890 0.048008382 0.301773280 0.846228123
255.000000 2.470354080 1.488170743 -0.095344894 0.447175920 0.053098179 0.313643336 0.835967779
256.000000 2.468058825 1.517390013 -0.086233690 0.457362711 0.056256816 0.323519766 0.826431751
257.000000 2.465204716 1.540908575 -0.078427725 0.466311932 0.057933275 0.331396371 0.818152428
258.000000 2.461412907 1.558095455 -0.071042836 0.473930210 0.057857774 0.338106781 0.811003327
259.000000 2.454904556 1.565675616 -0.064910613 0.478922784 0.058508389 0.341737628 0.806489348
260.000000 2.452207565 1.576040983 -0.057683200 0.485016823 0.056430154 0.345700473 0.801289856
261.000000 2.450787306 1.577169418 -0.052431151 0.487543494 0.054889277 0.347533464 0.799067616
262.000000 2.452205181 1.573498368 -0.046586186 0.488508701 0.051555406 0.347724885 0.798616707
263.000000 2.449569225 1.568439364 -0.040216669 0.489547402 0.049304832 0.348141909 0.797940791
264.000000 2.447811842 1.562561870 -0.028442770 0.492032886 0.040267941 0.347137928 0.797356486
265.000000 2.444862843 1.557476878 -0.013587482 0.495340973 0.031306773 0.348552793 0.795090020
266.000000 2.445765257 1.552669287 -0.003608152 0.496595860 0.020658268 0.350279897 0.793895304
267.000000 2.445762873 1.548987269 0.009013280 0.499392807 0.010802303 0.350667506 0.792163134
268.000000 2.445560694 1.543980122 0.017426252 0.502118766 0.003012505 0.349950820 0.790823698
269.000000 2.447662830 1.540674448 0.024136409 0.505576909 -0.005213719 0.350184262 0.788502216
270.000000 2.444630861 1.534508944 0.033064023 0.509896517 -0.007281682 0.347414434 0.786927998
271.000000 2.446734667 1.530377626 0.034551695 0.510313988 -0.008969633 0.346517801 0.787035286
272.000000 2.446589708 1.526774287 0.038659245 0.511420965 -0.008463312 0.345873952 0.786605477
273.000000 2.446348190 1.522740841 0.041562468 0.512265325 -0.008194906 0.344046205 0.786860406
274.000000 2.447513103 1.519841194 0.043829456 0.512580812 -0.009027800 0.344618142 0.786395371
275.000000 2.447706461 1.515982628 0.046130091 0.512899995 -0.009451224 0.344496429 0.786235631
276.000000 2.448443174 1.513536453 0.047370464 0.513963521 -0.010069475 0.342952967 0.786208212
277.000000 2.448340654 1.510778904 0.047937602 0.514855206 -0.010158215 0.341912448 0.786076844
278.000000 2.447126150 1.507603645 0.051294282 0.515053272 -0.010609068 0.343498558 0.785249174
279.000000 2.446370363 1.504530907 0.053881124 0.515658081 -0.011474854 0.343618304 0.784787595
280.000000 2.445128202 1.500836968 0.056142911 0.516026974 -0.011735196 0.343354881 0.784656525
281.000000 2.443323851 1.496912956 0.059181660 0.516497672 -0.012426577 0.343305945 0.784357548
282.000000 2.441643476 1.492470980 0.060789436 0.516783237 -0.012794311 0.343126178 0.784242153
283.000000 2.439731598 1.487594843 0.062782988 0.517243564 -0.013015358 0.342797250 0.784078896
284.000000 2.436765194 1.481916189 0.065979525 0.517905354 -0.013332586 0.342644691 0.783703268
285.000000 2.434278250 1.476683378 0.067088410 0.518422663 -0.012608866 0.342780620 0.783313751
286.000000 2.431160927 1.471309304 0.069169849 0.519116879 -0.012193833 0.342309386 0.783066571
287.000000 2.428963423 1.466425180 0.072027564 0.519721329 -0.012687675 0.342341870 0.782643437
288.000000 2.427574635 1.462036014 0.070480511 0.520282686 -0.012050654 0.341015399 0.782859623
289.000000 2.426475286 1.458417535 0.071588248 0.520944655 -0.011786330 0.340170681 0.782790959
290.000000 2.425365686 1.454473853 0.072577387 0.520879567 -0.011472465 0.340631872 0.782638371
291.000000 2.424792290 1.451334596 0.073676243 0.521438062 -0.011698506 0.340368271 0.782377720
292.000000 2.423650980 1.448032141 0.076383889 0.522103786 -0.011670058 0.340290189 0.781968057
293.000000 2.423013687 1.444333196 0.078021288 0.522376001 -0.011404944 0.340007633 0.781913042
294.000000 2.422044754 1.440757275 0.080274478 0.523293078 -0.011607754 0.339363664 0.781576514
295.000000 2.420872927 1.436855793 0.084493011 0.524291277 -0.012581228 0.339066803 0.781021178
296.000000 2.419659138 1.432671070 0.087286592 0.524745286 -0.012195090 0.339311689 0.780615926
297.000000 2.419620752 1.428927541 0.090196982 0.525869906 -0.013243479 0.339357078 0.779821932
298.000000 2.419992447 1.425365806 0.091578677 0.527096868 -0.013865810 0.339081019 0.779102504
299.000000 2.420998096 1.421768904 0.093522340 0.529165387 -0.016220042 0.338738441 0.777802706
300.000000 2.419938326 1.418116808 0.094497949 0.532480896 -0.019219264 0.337760061 0.775894880
301.000000 2.419031858 1.411065102 0.100624204 0.534856915 -0.025608175 0.335956663 0.774858296
302.000000 2.417353630 1.406419754 0.104740843 0.537486732 -0.030622745 0.335577011 0.773018956
303.000000 2.415760517 1.400058031 0.108121470 0.538784504 -0.035012566 0.334136963 0.772552848
304.000000 2.414742947 1.396646857 0.110985875 0.540988445 -0.038785242 0.333770692 0.770989180
305.000000 2.414016485 1.393479943 0.113403857 0.542535782 -0.041056789 0.333695233 0.769816041
306.000000 2.413012505 1.389958382 0.114616781 0.543069780 -0.041990381 0.332712799 0.769814372
307.000000 2.412687063 1.388590813 0.116269171 0.544364393 -0.043059904 0.333207250 0.768626153
308.000000 2.412105322 1.385588288 0.119148478 0.544947207 -0.044243671 0.333221436 0.768139601
309.000000 2.411741972 1.383322120 0.121590406 0.545881271 -0.045298081 0.333316565 0.767373264
310.000000 2.411147118 1.380367041 0.124669075 0.546617568 -0.046737973 0.333432585 0.766712189
311.000000 2.409946442 1.378019094 0.126958966 0.547814429 -0.048189580 0.333969384 0.765533507
312.000000 2.409495115 1.376169562 0.128745109 0.549275100 -0.049823176 0.334813178 0.764012218
313.000000 2.409508467 1.373945713 0.130911127 0.550716400 -0.051130835 0.335522950 0.762575567
314.000000 2.409755468 1.373318434 0.131580934 0.552807271 -0.051348306 0.336960673 0.760411024
315.000000 2.410858154 1.372696996 0.132789895 0.555101812 -0.052708033 0.338426918 0.757991493
316.000000 2.412618160 1.373595834 0.133565754 0.557749033 -0.054345772 0.340591818 0.754956782
317.000000 2.412405968 1.373501301 0.134750351 0.560116708 -0.055157609 0.342369169 0.752336502
318.000000 2.413050652 1.371621847 0.136904702 0.561221302 -0.057594504 0.343591034 0.750772059
319.000000 2.412097454 1.369314790 0.139048263 0.562339842 -0.058975440 0.344329864 0.749488354
320.000000 2.411911488 1.367315292 0.140510857 0.563229799 -0.060129412 0.344608903 0.748599589
321.000000 2.410582781 1.364485383 0.142042980 0.564107060 -0.060587887 0.344440937 0.747979164
322.000000 2.409833670 1.362691641 0.144154146 0.565435886 -0.061571635 0.344776452 0.746739864
323.000000 2.409441471 1.360845685 0.146651685 0.566540122 -0.062472817 0.345474541 0.745504379
324.000000 2.408736229 1.359041929 0.148023307 0.567965925 -0.062913656 0.345663160 0.744294047
325.000000 2.408201456 1.355168462 0.151935473 0.568365157 -0.063458249 0.344948262 0.744274676
326.000000 2.407764673 1.353157997 0.155149236 0.569962502 -0.064001225 0.344571829 0.743180275
327.000000 2.407715797 1.350292683 0.157166824 0.571211159 -0.064463772 0.343825608 0.742526889
328.000000 2.407051086 1.347830772 0.158459976 0.573924243 -0.066339098 0.343146324 0.740581334
329.000000 2.406629324 1.347481847 0.157059640 0.579443455 -0.069183037 0.339164913 0.737852454
330.000000 2.404993534 1.344317675 0.155220374 0.582216680 -0.069773689 0.337973505 0.736158431
331.000000 2.404401779 1.343165874 0.155469120 0.586145580 -0.071953751 0.335502833 0.733957708
332.000000 2.403098106 1.340317369 0.155606747 0.588482738 -0.073537365 0.334062606 0.732586205
333.000000 2.402304649 1.338934183 0.156433880 0.591177821 -0.074725412 0.332543045 0.730985641
334.000000 2.401753902 1.336544156 0.157676741 0.592157900 -0.075307943 0.332199574 0.730288446
335.000000 2.401745558 1.335446596 0.158463374 0.593774796 -0.075710855 0.331559926 0.729223788
336.000000 2.401586533 1.334436178 0.160046011 0.595340133 -0.076330364 0.330967933 0.728151083
337.000000 2.401292562 1.332455873 0.161246970 0.595961332 -0.076804504 0.331333041 0.727426708
338.000000 2.400679827 1.330495119 0.163345128 0.597085297 -0.077482596 0.330877870 0.726639807
339.000000 2.400470018 1.329584718 0.164513528 0.598621011 -0.078215614 0.330523908 0.725457847
340.000000 2.399665117 1.327496886 0.165410608 0.599129319 -0.078420728 0.330722004 0.724925637
341.000000 2.398295641 1.325111866 0.167232588 0.600036740 -0.078643166 0.330836982 0.724098146
342.000000 2.397786379 1.323069096 0.169096261 0.601435363 -0.080524854 0.330684483 0.722799420
343.000000 2.397262812 1.320909500 0.170360729 0.602881491 -0.082243644 0.330966443 0.721270502
344.000000 2.395998716 1.318903208 0.170398146 0.604527056 -0.082846813 0.330897957 0.719854116
345.000000 2.395075083 1.316825628 0.171507150 0.606792212 -0.084616646 0.330519944 0.717913508
346.000000 2.394233227 1.313733339 0.172827527 0.607462227 -0.086599849 0.331625640 0.716599286
347.000000 2.392801285 1.311587572 0.173587173 0.609220266 -0.088566288 0.331626505 0.714864016
348.000000 2.390989065 1.309201956 0.173290133 0.609738946 -0.089444235 0.332873464 0.713732004
349.000000 2.389913559 1.307620525 0.173869953 0.611450970 -0.091254883 0.332884282 0.712031066
350.000000 2.388705254 1.305483103 0.174142823 0.611465931 -0.091402113 0.334487289 0.711247683
351.000000 2.388114214 1.304220319 0.174416304 0.612186134 -0.092394851 0.335478008 0.710032225
352.000000 2.386832714 1.302280068 0.174803913 0.612679362 -0.092675149 0.335731715 0.709450185
353.000000 2.386278152 1.301349401 0.175080657 0.613706589 -0.093243591 0.336433202 0.708154321
354.000000 2.385326147 1.299086809 0.176537067 0.613888919 -0.093143605 0.336568892 0.707944930
355.000000 2.384918690 1.297596216 0.177513570 0.614315093 -0.093184359 0.337728888 0.707016885
356.000000 2.384011507 1.295573711 0.179329902 0.616051614 -0.094103120 0.336737007 0.705856383
357.000000 2.383492470 1.293719530 0.180912614 0.617224813 -0.094340995 0.336904377 0.704719007
358.000000 2.382981062 1.291644931 0.183147654 0.618614435 -0.094526887 0.336921930 0.703466058
359.000000 2.382673979 1.289130688 0.185307637 0.619954050 -0.094708048 0.336698979 0.702368200
360.000000 2.382625341 1.287127733 0.186832696 0.621361136 -0.094500311 0.336716861 0.701143205
361.000000 2.382878542 1.285497427 0.187848300 0.623117089 -0.093872234 0.336655051 0.699697435
362.000000 2.383286715 1.283714533 0.188856125 0.624909461 -0.093280569 0.335392177 0.698783934
363.000000 2.383641243 1.282214999 0.189719066 0.625995159 -0.091782793 0.335988581 0.697723210
364.000000 2.383817196 1.280044198 0.192476243 0.628097951 -0.092010684 0.334713340 0.696415067
365.000000 2.383980989 1.278645158 0.193593532 0.629587233 -0.090600505 0.334259003 0.695472777
366.000000 2.384104729 1.277185678 0.194749877 0.630615473 -0.090103716 0.333792716 0.694829345
367.000000 2.383855104 1.275687099 0.196207762 0.631856143 -0.090658784 0.334662467 0.693209827
368.000000 2.383292198 1.274155140 0.197450787 0.633485794 -0.090953909 0.333541691 0.692223310
369.000000 2.382819414 1.272366524 0.198366910 0.635022581 -0.091909014 0.334858179 0.690050006
370.000000 2.381957531 1.271065474 0.199677169 0.637629807 -0.094146356 0.333297014 0.688097239
371.000000 2.380731821 1.267523170 0.200555101 0.638067484 -0.095442593 0.333687216 0.687323391
372.000000 2.379642487 1.264820457 0.202030763 0.638982654 -0.096603863 0.334700346 0.685816646
373.000000 2.378431559 1.262877107 0.201895416 0.640630186 -0.098326214 0.334111601 0.684320390
374.000000 2.377630234 1.260729909 0.203263551 0.642573595 -0.100540876 0.333628803 0.682409406
375.000000 2.376535892 1.258959532 0.203514978 0.644409001 -0.101894863 0.333692849 0.680443645
376.000000 2.375742435 1.257298708 0.203374296 0.646357477 -0.102422841 0.333713651 0.678503335
377.000000 2.375048399 1.254539728 0.204190731 0.647193015 -0.103475727 0.335160643 0.676831841
378.000000 2.374379873 1.252112627 0.205299795 0.648880184 -0.104402229 0.335416555 0.674944758
379.000000 2.373354435 1.250138998 0.204631254 0.650128901 -0.104584552 0.335715532 0.673564792
380.000000 2.372259378 1.248169661 0.205236167 0.651641667 -0.106187113 0.336183578 0.671616018
381.000000 2.371663809 1.245343447 0.207808569 0.653639078 -0.108837403 0.335350603 0.669664264
382.000000 2.371381760 1.243541956 0.208378524 0.654327095 -0.109590091 0.335928291 0.668579221
383.000000 2.370515823 1.242254257 0.208376467 0.655388534 -0.109834433 0.335814208 0.667556107
384.000000 2.369837284 1.240238190 0.209961921 0.656513453 -0.111021601 0.335485667 0.666418552
385.000000 2.369171143 1.238705277 0.210877746 0.657303870 -0.111419298 0.335775316 0.665426373
386.000000 2.368121862 1.236906767 0.211579472 0.658349931 -0.111195177 0.335623413 0.664505780
387.000000 2.367091417 1.234665155 0.213311106 0.659569085 -0.112833112 0.335356116 0.663154244
388.000000 2.364560604 1.232418776 0.213472635 0.661110580 -0.115019597 0.334495991 0.661676466
389.000000 2.360431194 1.229803801 0.212425694 0.662830889 -0.118799828 0.333572716 0.659750760
390.000000 2.357874870 1.228304863 0.212895840 0.667894721 -0.127822340 0.328522444 0.655477762
391.000000 2.352905035 1.226607084 0.208220571 0.670399487 -0.132418185 0.327415615 0.652555764
392.000000 2.347810507 1.225666642 0.203409463 0.674132049 -0.137491480 0.325202852 0.648756683
393.000000 2.331547976 1.197816372 0.213974267 0.673823595 -0.144858286 0.317757368 0.651159108
394.000000 2.328059435 1.203261852 0.203516379 0.676621914 -0.147344828 0.320106268 0.646532536
395.000000 2.320173979 1.194933772 0.202984184 0.678711414 -0.152900577 0.316814154 0.644671261
396.000000 2.312499285 1.185838938 0.204318836 0.680348396 -0.158764318 0.313665599 0.643065989
397.000000 2.305850029 1.178824663 0.204141870 0.682039618 -0.163566008 0.310899347 0.641412258
398.000000 2.303075314 1.180484772 0.198777661 0.684679866 -0.168234274 0.310691357 0.637480676
399.000000 2.298720121 1.182127953 0.190965623 0.687536180 -0.171052694 0.308714747 0.634610236
400.000000 2.294734716 1.179117560 0.188812405 0.689383209 -0.177562818 0.306964695 0.631660402
401.000000 2.289390802 1.171823502 0.190407842 0.690714777 -0.184271723 0.304501832 0.629472554
402.000000 2.286922693 1.174260139 0.182785422 0.692898273 -0.188191742 0.304438680 0.625933707
403.000000 2.283329248 1.171991587 0.178972811 0.694505930 -0.193959311 0.303473771 0.622852266
404.000000 2.284386873 1.176261306 0.170169860 0.696640790 -0.202323228 0.304674268 0.617195666
405.000000 2.282356977 1.175272465 0.165548295 0.698601723 -0.208928257 0.303624004 0.613283932
406.000000 2.280338049 1.175538778 0.159934506 0.700563908 -0.215313241 0.303615540 0.608825088
407.000000 2.277719259 1.177664757 0.149897322 0.702631950 -0.219960392 0.303877503 0.604635596
408.000000 2.275637388 1.178054690 0.143950582 0.704681039 -0.226267666 0.304063082 0.599810898
409.000000 2.273204803 1.177681565 0.138034403 0.706538618 -0.232505590 0.304345459 0.595078230
410.000000 2.272386312 1.183697104 0.123305522 0.709494710 -0.235270068 0.303565592 0.590857923
411.000000 2.271204233 1.184649944 0.115961641 0.711494267 -0.240920484 0.303610027 0.586134911
412.000000 2.271408319 1.188268542 0.107582398 0.714106679 -0.245875582 0.303132772 0.581125975
413.000000 2.270631075 1.190215588 0.099673882 0.715785325 -0.250546515 0.303281993 0.576973021
414.000000 2.268803596 1.195523262 0.091638520 0.719894230 -0.253835380 0.301118106 0.571531177
415.000000 2.267149687 1.192260504 0.089561149 0.719030619 -0.261005789 0.302881747 0.568448365
416.000000 2.265280008 1.193879962 0.081796065 0.719646156 -0.263823271 0.302795798 0.566410959
417.000000 2.263397694 1.192751169 0.080787465 0.720321715 -0.270563424 0.302980512 0.562258720
418.000000 2.260761499 1.199490309 0.069111034 0.722919226 -0.271185607 0.301043212 0.559659839
419.000000 2.258386612 1.200740814 0.063780203 0.723577023 -0.276180148 0.300657123 0.556566298
420.000000 2.255895138 1.201579452 0.059415504 0.724320054 -0.281727880 0.300179988 0.553065717
420.000000 2.255895138 1.201579452 0.059415504 0.724320054 -0.281727880 0.300179988 0.553065717
420.000000 2.255895138 1.201579452 0.059415504 0.724320054 -0.281727880 0.300179988 0.553065717
420.000000 2.255895138 1.201579452 0.059415504 0.724320054 -0.281727880 0.300179988 0.553065717
420.000000 2.255895138 1.201579452 0.059415504 0.724320054 -0.281727880 0.300179988 0.553065717
420.000000 2.255895138 1.201579452 0.059415504 0.724320054 -0.281727880 0.300179988 0.553065717
420.000000 2.255895138 1.201579452 0.059415504 0.724320054 -0.281727880 0.300179988 0.553065717
420.000000 2.255895138 1.201579452 0.059415504 0.724320054 -0.281727880 0.300179988 0.553065717
420.000000 2.255895138 1.201579452 0.059415504 0.724320054 -0.281727880 0.300179988 0.553065717
420.000000 2.255895138 1.201579452 0.059415504 0.724320054 -0.281727880 0.300179988 0.553065717
420.000000 2.255895138 1.201579452 0.059415504 0.724320054 -0.281727880 0.300179988 0.553065717
420.000000 2.255895138 1.201579452 0.059415504 0.724320054 -0.281727880 0.300179988 0.553065717
420.000000 2.255895138 1.201579452 0.059415504 0.724320054 -0.281727880 0.300179988 0.553065717
420.000000 2.255895138 1.201579452 0.059415504 0.724320054 -0.281727880 0.300179988 0.553065717
420.000000 2.255895138 1.201579452 0.059415504 0.724320054 -0.281727880 0.300179988 0.553065717
420.000000 2.255895138 1.201579452 0.059415504 0.724320054 -0.281727880 0.300179988 0.553065717
420.000000 2.255895138 1.201579452 0.059415504 0.724320054 -0.281727880 0.300179988 0.553065717
420.000000 2.255895138 1.201579452 0.059415504 0.724320054 -0.281727880 0.300179988 0.553065717
420.000000 2.255895138 1.201579452 0.059415504 0.724320054 -0.281727880 0.300179988 0.553065717
420.000000 2.255895138 1.201579452 0.059415504 0.724320054 -0.281727880 0.300179988 0.553065717
420.000000 2.255895138 1.201579452 0.059415504 0.724320054 -0.281727880 0.300179988 0.553065717
420.000000 2.255895138 1.201579452 0.059415504 0.724320054 -0.281727880 0.300179988 0.553065717
420.000000 2.255895138 1.201579452 0.059415504 0.724320054 -0.281727880 0.300179988 0.553065717
420.000000 2.255895138 1.201579452 0.059415504 0.724320054 -0.281727880 0.300179988 0.553065717
420.000000 2.255895138 1.201579452 0.059415504 0.724320054 -0.281727880 0.300179988 0.553065717
420.000000 2.255895138 1.201579452 0.059415504 0.724320054 -0.281727880 0.300179988 0.553065717
420.000000 2.255895138 1.201579452 0.059415504 0.724320054 -0.281727880 0.300179988 0.553065717
420.000000 2.255895138 1.201579452 0.059415504 0.724320054 -0.281727880 0.300179988 0.553065717
420.000000 2.255895138 1.201579452 0.059415504 0.724320054 -0.281727880 0.300179988 0.553065717
420.000000 2.255895138 1.201579452 0.059415504 0.724320054 -0.281727880 0.300179988 0.553065717
420.000000 2.255895138 1.201579452 0.059415504 0.724320054 -0.281727880 0.300179988 0.553065717
420.000000 2.255895138 1.201579452 0.059415504 0.724320054 -0.281727880 0.300179988 0.553065717
420.000000 2.255895138 1.201579452 0.059415504 0.724320054 -0.281727880 0.300179988 0.553065717
420.000000 2.255895138 1.201579452 0.059415504 0.724320054 -0.281727880 0.300179988 0.553065717
420.000000 2.255895138 1.201579452 0.059415504 0.724320054 -0.281727880 0.300179988 0.553065717
420.000000 2.255895138 1.201579452 0.059415504 0.724320054 -0.281727880 0.300179988 0.553065717
420.000000 2.255895138 1.201579452 0.059415504 0.724320054 -0.281727880 0.300179988 0.553065717
420.000000 2.255895138 1.201579452 0.059415504 0.724320054 -0.281727880 0.300179988 0.553065717
420.000000 2.255895138 1.201579452 0.059415504 0.724320054 -0.281727880 0.300179988 0.553065717
420.000000 2.255895138 1.201579452 0.059415504 0.724320054 -0.281727880 0.300179988 0.553065717
420.000000 2.255895138 1.201579452 0.059415504 0.724320054 -0.281727880 0.300179988 0.553065717
420.000000 2.255895138 1.201579452 0.059415504 0.724320054 -0.281727880 0.300179988 0.553065717
420.000000 2.255895138 1.201579452 0.059415504 0.724320054 -0.281727880 0.300179988 0.553065717
420.000000 2.255895138 1.201579452 0.059415504 0.724320054 -0.281727880 0.300179988 0.553065717
420.000000 2.255895138 1.201579452 0.059415504 0.724320054 -0.281727880 0.300179988 0.553065717
420.000000 2.255895138 1.201579452 0.059415504 0.724320054 -0.281727880 0.300179988 0.553065717
420.000000 2.255895138 1.201579452 0.059415504 0.724320054 -0.281727880 0.300179988 0.553065717
420.000000 2.255895138 1.201579452 0.059415504 0.724320054 -0.281727880 0.300179988 0.553065717
420.000000 2.255895138 1.201579452 0.059415504 0.724320054 -0.281727880 0.300179988 0.553065717
420.000000 2.255895138 1.201579452 0.059415504 0.724320054 -0.281727880 0.300179988 0.553065717
420.000000 2.255895138 1.201579452 0.059415504 0.724320054 -0.281727880 0.300179988 0.553065717
420.000000 2.255895138 1.201579452 0.059415504 0.724320054 -0.281727880 0.300179988 0.553065717
420.000000 2.255895138 1.201579452 0.059415504 0.724320054 -0.281727880 0.300179988 0.553065717
420.000000 2.255895138 1.201579452 0.059415504 0.724320054 -0.281727880 0.300179988 0.553065717
420.000000 2.255895138 1.201579452 0.059415504 0.724320054 -0.281727880 0.300179988 0.553065717
420.000000 2.255895138 1.201579452 0.059415504 0.724320054 -0.281727880 0.300179988 0.553065717
420.000000 2.255895138 1.201579452 0.059415504 0.724320054 -0.281727880 0.300179988 0.553065717
420.000000 2.255895138 1.201579452 0.059415504 0.724320054 -0.281727880 0.300179988 0.553065717
420.000000 2.255895138 1.201579452 0.059415504 0.724320054 -0.281727880 0.300179988 0.553065717
420.000000 2.255895138 1.201579452 0.059415504 0.724320054 -0.281727880 0.300179988 0.553065717
420.000000 2.255895138 1.201579452 0.059415504 0.724320054 -0.281727880 0.300179988 0.553065717
420.000000 2.255895138 1.201579452 0.059415504 0.724320054 -0.281727880 0.300179988 0.553065717
420.000000 2.255895138 1.201579452 0.059415504 0.724320054 -0.281727880 0.300179988 0.553065717
420.000000 2.255895138 1.201579452 0.059415504 0.724320054 -0.281727880 0.300179988 0.553065717
420.000000 2.255895138 1.201579452 0.059415504 0.724320054 -0.281727880 0.300179988 0.553065717
420.000000 2.255895138 1.201579452 0.059415504 0.724320054 -0.281727880 0.300179988 0.553065717
420.000000 2.255895138 1.201579452 0.059415504 0.724320054 -0.281727880 0.300179988 0.553065717
420.000000 2.255895138 1.201579452 0.059415504 0.724320054 -0.281727880 0.300179988 0.553065717
420.000000 2.255895138 1.201579452 0.059415504 0.724320054 -0.281727880 0.300179988 0.553065717
420.000000 2.255895138 1.201579452 0.059415504 0.724320054 -0.281727880 0.300179988 0.553065717
420.000000 2.255895138 1.201579452 0.059415504 0.724320054 -0.281727880 0.300179988 0.553065717
420.000000 2.255895138 1.201579452 0.059415504 0.724320054 -0.281727880 0.300179988 0.553065717
420.000000 2.255895138 1.201579452 0.059415504 0.724320054 -0.281727880 0.300179988 0.553065717
420.000000 2.255895138 1.201579452 0.059415504 0.724320054 -0.281727880 0.300179988 0.553065717
420.000000 2.255895138 1.201579452 0.059415504 0.724320054 -0.281727880 0.300179988 0.553065717
420.000000 2.255895138 1.201579452 0.059415504 0.724320054 -0.281727880 0.300179988 0.553065717
420.000000 2.255895138 1.201579452 0.059415504 0.724320054 -0.281727880 0.300179988 0.553065717
420.000000 2.255895138 1.201579452 0.059415504 0.724320054 -0.281727880 0.300179988 0.553065717
420.000000 2.255895138 1.201579452 0.059415504 0.724320054 -0.281727880 0.300179988 0.553065717
420.000000 2.255895138 1.201579452 0.059415504 0.724320054 -0.281727880 0.300179988 0.553065717
420.000000 2.255895138 1.201579452 0.059415504 0.724320054 -0.281727880 0.300179988 0.553065717
420.000000 2.255895138 1.201579452 0.059415504 0.724320054 -0.281727880 0.300179988 0.553065717
420.000000 2.255895138 1.201579452 0.059415504 0.724320054 -0.281727880 0.300179988 0.553065717
420.000000 2.255895138 1.201579452 0.059415504 0.724320054 -0.281727880 0.300179988 0.553065717
420.000000 2.255895138 1.201579452 0.059415504 0.724320054 -0.281727880 0.300179988 0.553065717
420.000000 2.255895138 1.201579452 0.059415504 0.724320054 -0.281727880 0.300179988 0.553065717
420.000000 2.255895138 1.201579452 0.059415504 0.724320054 -0.281727880 0.300179988 0.553065717
420.000000 2.255895138 1.201579452 0.059415504 0.724320054 -0.281727880 0.300179988 0.553065717
420.000000 2.255895138 1.201579452 0.059415504 0.724320054 -0.281727880 0.300179988 0.553065717
420.000000 2.255895138 1.201579452 0.059415504 0.724320054 -0.281727880 0.300179988 0.553065717
420.000000 2.255895138 1.201579452 0.059415504 0.724320054 -0.281727880 0.300179988 0.553065717
420.000000 2.255895138 1.201579452 0.059415504 0.724320054 -0.281727880 0.300179988 0.553065717
420.000000 2.255895138 1.201579452 0.059415504 0.724320054 -0.281727880 0.300179988 0.553065717
420.000000 2.255895138 1.201579452 0.059415504 0.724320054 -0.281727880 0.300179988 0.553065717
420.000000 2.255895138 1.201579452 0.059415504 0.724320054 -0.281727880 0.300179988 0.553065717
420.000000 2.255895138 1.201579452 0.059415504 0.724320054 -0.281727880 0.300179988 0.553065717
420.000000 2.255895138 1.201579452 0.059415504 0.724320054 -0.281727880 0.300179988 0.553065717
420.000000 2.255895138 1.201579452 0.059415504 0.724320054 -0.281727880 0.300179988 0.553065717
420.000000 2.255895138 1.201579452 0.059415504 0.724320054 -0.281727880 0.300179988 0.553065717
420.000000 2.255895138 1.201579452 0.059415504 0.724320054 -0.281727880 0.300179988 0.553065717
420.000000 2.255895138 1.201579452 0.059415504 0.724320054 -0.281727880 0.300179988 0.553065717
420.000000 2.255895138 1.201579452 0.059415504 0.724320054 -0.281727880 0.300179988 0.553065717
420.000000 2.255895138 1.201579452 0.059415504 0.724320054 -0.281727880 0.300179988 0.553065717
420.000000 2.255895138 1.201579452 0.059415504 0.724320054 -0.281727880 0.300179988 0.553065717
420.000000 2.255895138 1.201579452 0.059415504 0.724320054 -0.281727880 0.300179988 0.553065717
420.000000 2.255895138 1.201579452 0.059415504 0.724320054 -0.281727880 0.300179988 0.553065717
420.000000 2.255895138 1.201579452 0.059415504 0.724320054 -0.281727880 0.300179988 0.553065717
420.000000 2.255895138 1.201579452 0.059415504 0.724320054 -0.281727880 0.300179988 0.553065717
420.000000 2.255895138 1.201579452 0.059415504 0.724320054 -0.281727880 0.300179988 0.553065717
420.000000 2.255895138 1.201579452 0.059415504 0.724320054 -0.281727880 0.300179988 0.553065717
420.000000 2.255895138 1.201579452 0.059415504 0.724320054 -0.281727880 0.300179988 0.553065717
420.000000 2.255895138 1.201579452 0.059415504 0.724320054 -0.281727880 0.300179988 0.553065717
420.000000 2.255895138 1.201579452 0.059415504 0.724320054 -0.281727880 0.300179988 0.553065717
420.000000 2.255895138 1.201579452 0.059415504 0.724320054 -0.281727880 0.300179988 0.553065717
420.000000 2.255895138 1.201579452 0.059415504 0.724320054 -0.281727880 0.300179988 0.553065717
420.000000 2.255895138 1.201579452 0.059415504 0.724320054 -0.281727880 0.300179988 0.553065717
420.000000 2.255895138 1.201579452 0.059415504 0.724320054 -0.281727880 0.300179988 0.553065717
420.000000 2.255895138 1.201579452 0.059415504 0.724320054 -0.281727880 0.300179988 0.553065717
420.000000 2.255895138 1.201579452 0.059415504 0.724320054 -0.281727880 0.300179988 0.553065717
420.000000 2.255895138 1.201579452 0.059415504 0.724320054 -0.281727880 0.300179988 0.553065717
420.000000 2.255895138 1.201579452 0.059415504 0.724320054 -0.281727880 0.300179988 0.553065717
420.000000 2.255895138 1.201579452 0.059415504 0.724320054 -0.281727880 0.300179988 0.553065717
420.000000 2.255895138 1.201579452 0.059415504 0.724320054 -0.281727880 0.300179988 0.553065717
420.000000 2.255895138 1.201579452 0.059415504 0.724320054 -0.281727880 0.300179988 0.553065717
420.000000 2.255895138 1.201579452 0.059415504 0.724320054 -0.281727880 0.300179988 0.553065717
420.000000 2.255895138 1.201579452 0.059415504 0.724320054 -0.281727880 0.300179988 0.553065717
420.000000 2.255895138 1.201579452 0.059415504 0.724320054 -0.281727880 0.300179988 0.553065717
420.000000 2.255895138 1.201579452 0.059415504 0.724320054 -0.281727880 0.300179988 0.553065717
420.000000 2.255895138 1.201579452 0.059415504 0.724320054 -0.281727880 0.300179988 0.553065717
420.000000 2.255895138 1.201579452 0.059415504 0.724320054 -0.281727880 0.300179988 0.553065717
420.000000 2.255895138 1.201579452 0.059415504 0.724320054 -0.281727880 0.300179988 0.553065717
420.000000 2.255895138 1.201579452 0.059415504 0.724320054 -0.281727880 0.300179988 0.553065717
420.000000 2.255895138 1.201579452 0.059415504 0.724320054 -0.281727880 0.300179988 0.553065717
420.000000 2.255895138 1.201579452 0.059415504 0.724320054 -0.281727880 0.300179988 0.553065717
420.000000 2.255895138 1.201579452 0.059415504 0.724320054 -0.281727880 0.300179988 0.553065717
420.000000 2.255895138 1.201579452 0.059415504 0.724320054 -0.281727880 0.300179988 0.553065717
420.000000 2.255895138 1.201579452 0.059415504 0.724320054 -0.281727880 0.300179988 0.553065717
420.000000 2.255895138 1.201579452 0.059415504 0.724320054 -0.281727880 0.300179988 0.553065717
420.000000 2.255895138 1.201579452 0.059415504 0.724320054 -0.281727880 0.300179988 0.553065717
420.000000 2.255895138 1.201579452 0.059415504 0.724320054 -0.281727880 0.300179988 0.553065717
420.000000 2.255895138 1.201579452 0.059415504 0.724320054 -0.281727880 0.300179988 0.553065717
420.000000 2.255895138 1.201579452 0.059415504 0.724320054 -0.281727880 0.300179988 0.553065717
420.000000 2.255895138 1.201579452 0.059415504 0.724320054 -0.281727880 0.300179988 0.553065717
420.000000 2.255895138 1.201579452 0.059415504 0.724320054 -0.281727880 0.300179988 0.553065717
420.000000 2.255895138 1.201579452 0.059415504 0.724320054 -0.281727880 0.300179988 0.553065717
420.000000 2.255895138 1.201579452 0.059415504 0.724320054 -0.281727880 0.300179988 0.553065717
420.000000 2.255895138 1.201579452 0.059415504 0.724320054 -0.281727880 0.300179988 0.553065717
420.000000 2.255895138 1.201579452 0.059415504 0.724320054 -0.281727880 0.300179988 0.553065717
420.000000 2.255895138 1.201579452 0.059415504 0.724320054 -0.281727880 0.300179988 0.553065717
420.000000 2.255895138 1.201579452 0.059415504 0.724320054 -0.281727880 0.300179988 0.553065717
420.000000 2.255895138 1.201579452 0.059415504 0.724320054 -0.281727880 0.300179988 0.553065717
420.000000 2.255895138 1.201579452 0.059415504 0.724320054 -0.281727880 0.300179988 0.553065717
420.000000 2.255895138 1.201579452 0.059415504 0.724320054 -0.281727880 0.300179988 0.553065717
420.000000 2.255895138 1.201579452 0.059415504 0.724320054 -0.281727880 0.300179988 0.553065717
420.000000 2.255895138 1.201579452 0.059415504 0.724320054 -0.281727880 0.300179988 0.553065717
420.000000 2.255895138 1.201579452 0.059415504 0.724320054 -0.281727880 0.300179988 0.553065717
420.000000 2.255895138 1.201579452 0.059415504 0.724320054 -0.281727880 0.300179988 0.553065717
420.000000 2.255895138 1.201579452 0.059415504 0.724320054 -0.281727880 0.300179988 0.553065717
420.000000 2.255895138 1.201579452 0.059415504 0.724320054 -0.281727880 0.300179988 0.553065717
420.000000 2.255895138 1.201579452 0.059415504 0.724320054 -0.281727880 0.300179988 0.553065717
420.000000 2.255895138 1.201579452 0.059415504 0.724320054 -0.281727880 0.300179988 0.553065717
420.000000 2.255895138 1.201579452 0.059415504 0.724320054 -0.281727880 0.300179988 0.553065717
420.000000 2.255895138 1.201579452 0.059415504 0.724320054 -0.281727880 0.300179988 0.553065717
420.000000 2.255895138 1.201579452 0.059415504 0.724320054 -0.281727880 0.300179988 0.553065717
420.000000 2.255895138 1.201579452 0.059415504 0.724320054 -0.281727880 0.300179988 0.553065717
420.000000 2.255895138 1.201579452 0.059415504 0.724320054 -0.281727880 0.300179988 0.553065717
420.000000 2.255895138 1.201579452 0.059415504 0.724320054 -0.281727880 0.300179988 0.553065717
420.000000 2.255895138 1.201579452 0.059415504 0.724320054 -0.281727880 0.300179988 0.553065717
420.000000 2.255895138 1.201579452 0.059415504 0.724320054 -0.281727880 0.300179988 0.553065717
420.000000 2.255895138 1.201579452 0.059415504 0.724320054 -0.281727880 0.300179988 0.553065717
420.000000 2.255895138 1.201579452 0.059415504 0.724320054 -0.281727880 0.300179988 0.553065717
420.000000 2.255895138 1.201579452 0.059415504 0.724320054 -0.281727880 0.300179988 0.553065717
420.000000 2.255895138 1.201579452 0.059415504 0.724320054 -0.281727880 0.300179988 0.553065717
420.000000 2.255895138 1.201579452 0.059415504 0.724320054 -0.281727880 0.300179988 0.553065717
420.000000 2.255895138 1.201579452 0.059415504 0.724320054 -0.281727880 0.300179988 0.553065717
420.000000 2.255895138 1.201579452 0.059415504 0.724320054 -0.281727880 0.300179988 0.553065717
420.000000 2.255895138 1.201579452 0.059415504 0.724320054 -0.281727880 0.300179988 0.553065717
420.000000 2.255895138 1.201579452 0.059415504 0.724320054 -0.281727880 0.300179988 0.553065717
420.000000 2.255895138 1.201579452 0.059415504 0.724320054 -0.281727880 0.300179988 0.553065717
420.000000 2.255895138 1.201579452 0.059415504 0.724320054 -0.281727880 0.300179988 0.553065717
420.000000 2.255895138 1.201579452 0.059415504 0.724320054 -0.281727880 0.300179988 0.553065717
420.000000 2.255895138 1.201579452 0.059415504 0.724320054 -0.281727880 0.300179988 0.553065717
420.000000 2.255895138 1.201579452 0.059415504 0.724320054 -0.281727880 0.300179988 0.553065717
420.000000 2.255895138 1.201579452 0.059415504 0.724320054 -0.281727880 0.300179988 0.553065717
420.000000 2.255895138 1.201579452 0.059415504 0.724320054 -0.281727880 0.300179988 0.553065717
420.000000 2.255895138 1.201579452 0.059415504 0.724320054 -0.281727880 0.300179988 0.553065717
420.000000 2.255895138 1.201579452 0.059415504 0.724320054 -0.281727880 0.300179988 0.553065717
420.000000 2.255895138 1.201579452 0.059415504 0.724320054 -0.281727880 0.300179988 0.553065717
420.000000 2.255895138 1.201579452 0.059415504 0.724320054 -0.281727880 0.300179988 0.553065717
420.000000 2.255895138 1.201579452 0.059415504 0.724320054 -0.281727880 0.300179988 0.553065717
420.000000 2.255895138 1.201579452 0.059415504 0.724320054 -0.281727880 0.300179988 0.553065717
420.000000 2.255895138 1.201579452 0.059415504 0.724320054 -0.281727880 0.300179988 0.553065717
420.000000 2.255895138 1.201579452 0.059415504 0.724320054 -0.281727880 0.300179988 0.553065717
420.000000 2.255895138 1.201579452 0.059415504 0.724320054 -0.281727880 0.300179988 0.553065717
420.000000 2.255895138 1.201579452 0.059415504 0.724320054 -0.281727880 0.300179988 0.553065717
420.000000 2.255895138 1.201579452 0.059415504 0.724320054 -0.281727880 0.300179988 0.553065717
420.000000 2.255895138 1.201579452 0.059415504 0.724320054 -0.281727880 0.300179988 0.553065717
420.000000 2.255895138 1.201579452 0.059415504 0.724320054 -0.281727880 0.300179988 0.553065717
420.000000 2.255895138 1.201579452 0.059415504 0.724320054 -0.281727880 0.300179988 0.553065717
420.000000 2.255895138 1.201579452 0.059415504 0.724320054 -0.281727880 0.300179988 0.553065717
420.000000 2.255895138 1.201579452 0.059415504 0.724320054 -0.281727880 0.300179988 0.553065717
420.000000 2.255895138 1.201579452 0.059415504 0.724320054 -0.281727880 0.300179988 0.553065717
420.000000 2.255895138 1.201579452 0.059415504 0.724320054 -0.281727880 0.300179988 0.553065717
420.000000 2.255895138 1.201579452 0.059415504 0.724320054 -0.281727880 0.300179988 0.553065717
420.000000 2.255895138 1.201579452 0.059415504 0.724320054 -0.281727880 0.300179988 0.553065717
420.000000 2.255895138 1.201579452 0.059415504 0.724320054 -0.281727880 0.300179988 0.553065717
420.000000 2.255895138 1.201579452 0.059415504 0.724320054 -0.281727880 0.300179988 0.553065717
420.000000 2.255895138 1.201579452 0.059415504 0.724320054 -0.281727880 0.300179988 0.553065717
420.000000 2.255895138 1.201579452 0.059415504 0.724320054 -0.281727880 0.300179988 0.553065717
420.000000 2.255895138 1.201579452 0.059415504 0.724320054 -0.281727880 0.300179988 0.553065717
420.000000 2.255895138 1.201579452 0.059415504 0.724320054 -0.281727880 0.300179988 0.553065717
420.000000 2.255895138 1.201579452 0.059415504 0.724320054 -0.281727880 0.300179988 0.553065717
420.000000 2.255895138 1.201579452 0.059415504 0.724320054 -0.281727880 0.300179988 0.553065717
420.000000 2.255895138 1.201579452 0.059415504 0.724320054 -0.281727880 0.300179988 0.553065717
420.000000 2.255895138 1.201579452 0.059415504 0.724320054 -0.281727880 0.300179988 0.553065717
420.000000 2.255895138 1.201579452 0.059415504 0.724320054 -0.281727880 0.300179988 0.553065717
420.000000 2.255895138 1.201579452 0.059415504 0.724320054 -0.281727880 0.300179988 0.553065717
420.000000 2.255895138 1.201579452 0.059415504 0.724320054 -0.281727880 0.300179988 0.553065717
420.000000 2.255895138 1.201579452 0.059415504 0.724320054 -0.281727880 0.300179988 0.553065717
420.000000 2.255895138 1.201579452 0.059415504 0.724320054 -0.281727880 0.300179988 0.553065717
420.000000 2.255895138 1.201579452 0.059415504 0.724320054 -0.281727880 0.300179988 0.553065717
420.000000 2.255895138 1.201579452 0.059415504 0.724320054 -0.281727880 0.300179988 0.553065717
420.000000 2.255895138 1.201579452 0.059415504 0.724320054 -0.281727880 0.300179988 0.553065717
420.000000 2.255895138 1.201579452 0.059415504 0.724320054 -0.281727880 0.300179988 0.553065717
420.000000 2.255895138 1.201579452 0.059415504 0.724320054 -0.281727880 0.300179988 0.553065717
420.000000 2.255895138 1.201579452 0.059415504 0.724320054 -0.281727880 0.300179988 0.553065717
420.000000 2.255895138 1.201579452 0.059415504 0.724320054 -0.281727880 0.300179988 0.553065717
420.000000 2.255895138 1.201579452 0.059415504 0.724320054 -0.281727880 0.300179988 0.553065717
420.000000 2.255895138 1.201579452 0.059415504 0.724320054 -0.281727880 0.300179988 0.553065717
420.000000 2.255895138 1.201579452 0.059415504 0.724320054 -0.281727880 0.300179988 0.553065717
420.000000 2.255895138 1.201579452 0.059415504 0.724320054 -0.281727880 0.300179988 0.553065717
420.000000 2.255895138 1.201579452 0.059415504 0.724320054 -0.281727880 0.300179988 0.553065717
420.000000 2.255895138 1.201579452 0.059415504 0.724320054 -0.281727880 0.300179988 0.553065717
420.000000 2.255895138 1.201579452 0.059415504 0.724320054 -0.281727880 0.300179988 0.553065717
420.000000 2.255895138 1.201579452 0.059415504 0.724320054 -0.281727880 0.300179988 0.553065717
420.000000 2.255895138 1.201579452 0.059415504 0.724320054 -0.281727880 0.300179988 0.553065717
420.000000 2.255895138 1.201579452 0.059415504 0.724320054 -0.281727880 0.300179988 0.553065717
420.000000 2.255895138 1.201579452 0.059415504 0.724320054 -0.281727880 0.300179988 0.553065717
420.000000 2.255895138 1.201579452 0.059415504 0.724320054 -0.281727880 0.300179988 0.553065717
420.000000 2.255895138 1.201579452 0.059415504 0.724320054 -0.281727880 0.300179988 0.553065717
420.000000 2.255895138 1.201579452 0.059415504 0.724320054 -0.281727880 0.300179988 0.553065717
420.000000 2.255895138 1.201579452 0.059415504 0.724320054 -0.281727880 0.300179988 0.553065717
420.000000 2.255895138 1.201579452 0.059415504 0.724320054 -0.281727880 0.300179988 0.553065717
420.000000 2.255895138 1.201579452 0.059415504 0.724320054 -0.281727880 0.300179988 0.553065717
420.000000 2.255895138 1.201579452 0.059415504 0.724320054 -0.281727880 0.300179988 0.553065717
420.000000 2.255895138 1.201579452 0.059415504 0.724320054 -0.281727880 0.300179988 0.553065717
420.000000 2.255895138 1.201579452 0.059415504 0.724320054 -0.281727880 0.300179988 0.553065717
420.000000 2.255895138 1.201579452 0.059415504 0.724320054 -0.281727880 0.300179988 0.553065717
420.000000 2.255895138 1.201579452 0.059415504 0.724320054 -0.281727880 0.300179988 0.553065717
420.000000 2.255895138 1.201579452 0.059415504 0.724320054 -0.281727880 0.300179988 0.553065717
420.000000 2.255895138 1.201579452 0.059415504 0.724320054 -0.281727880 0.300179988 0.553065717
420.000000 2.255895138 1.201579452 0.059415504 0.724320054 -0.281727880 0.300179988 0.553065717
420.000000 2.255895138 1.201579452 0.059415504 0.724320054 -0.281727880 0.300179988 0.553065717
420.000000 2.255895138 1.201579452 0.059415504 0.724320054 -0.281727880 0.300179988 0.553065717
420.000000 2.255895138 1.201579452 0.059415504 0.724320054 -0.281727880 0.300179988 0.553065717
420.000000 2.255895138 1.201579452 0.059415504 0.724320054 -0.281727880 0.300179988 0.553065717
420.000000 2.255895138 1.201579452 0.059415504 0.724320054 -0.281727880 0.300179988 0.553065717
420.000000 2.255895138 1.201579452 0.059415504 0.724320054 -0.281727880 0.300179988 0.553065717
420.000000 2.255895138 1.201579452 0.059415504 0.724320054 -0.281727880 0.300179988 0.553065717
420.000000 2.255895138 1.201579452 0.059415504 0.724320054 -0.281727880 0.300179988 0.553065717
420.000000 2.255895138 1.201579452 0.059415504 0.724320054 -0.281727880 0.300179988 0.553065717
420.000000 2.255895138 1.201579452 0.059415504 0.724320054 -0.281727880 0.300179988 0.553065717
420.000000 2.255895138 1.201579452 0.059415504 0.724320054 -0.281727880 0.300179988 0.553065717
420.000000 2.255895138 1.201579452 0.059415504 0.724320054 -0.281727880 0.300179988 0.553065717
420.000000 2.255895138 1.201579452 0.059415504 0.724320054 -0.281727880 0.300179988 0.553065717
420.000000 2.255895138 1.201579452 0.059415504 0.724320054 -0.281727880 0.300179988 0.553065717
420.000000 2.255895138 1.201579452 0.059415504 0.724320054 -0.281727880 0.300179988 0.553065717
420.000000 2.255895138 1.201579452 0.059415504 0.724320054 -0.281727880 0.300179988 0.553065717
420.000000 2.255895138 1.201579452 0.059415504 0.724320054 -0.281727880 0.300179988 0.553065717
420.000000 2.255895138 1.201579452 0.059415504 0.724320054 -0.281727880 0.300179988 0.553065717
420.000000 2.255895138 1.201579452 0.059415504 0.724320054 -0.281727880 0.300179988 0.553065717
420.000000 2.255895138 1.201579452 0.059415504 0.724320054 -0.281727880 0.300179988 0.553065717
420.000000 2.255895138 1.201579452 0.059415504 0.724320054 -0.281727880 0.300179988 0.553065717
420.000000 2.255895138 1.201579452 0.059415504 0.724320054 -0.281727880 0.300179988 0.553065717
420.000000 2.255895138 1.201579452 0.059415504 0.724320054 -0.281727880 0.300179988 0.553065717
420.000000 2.255895138 1.201579452 0.059415504 0.724320054 -0.281727880 0.300179988 0.553065717
420.000000 2.255895138 1.201579452 0.059415504 0.724320054 -0.281727880 0.300179988 0.553065717
420.000000 2.255895138 1.201579452 0.059415504 0.724320054 -0.281727880 0.300179988 0.553065717
420.000000 2.255895138 1.201579452 0.059415504 0.724320054 -0.281727880 0.300179988 0.553065717
420.000000 2.255895138 1.201579452 0.059415504 0.724320054 -0.281727880 0.300179988 0.553065717
420.000000 2.255895138 1.201579452 0.059415504 0.724320054 -0.281727880 0.300179988 0.553065717
420.000000 2.255895138 1.201579452 0.059415504 0.724320054 -0.281727880 0.300179988 0.553065717
420.000000 2.255895138 1.201579452 0.059415504 0.724320054 -0.281727880 0.300179988 0.553065717
420.000000 2.255895138 1.201579452 0.059415504 0.724320054 -0.281727880 0.300179988 0.553065717
420.000000 2.255895138 1.201579452 0.059415504 0.724320054 -0.281727880 0.300179988 0.553065717
420.000000 2.255895138 1.201579452 0.059415504 0.724320054 -0.281727880 0.300179988 0.553065717
420.000000 2.255895138 1.201579452 0.059415504 0.724320054 -0.281727880 0.300179988 0.553065717
420.000000 2.255895138 1.201579452 0.059415504 0.724320054 -0.281727880 0.300179988 0.553065717
420.000000 2.255895138 1.201579452 0.059415504 0.724320054 -0.281727880 0.300179988 0.553065717
420.000000 2.255895138 1.201579452 0.059415504 0.724320054 -0.281727880 0.300179988 0.553065717
420.000000 2.255895138 1.201579452 0.059415504 0.724320054 -0.281727880 0.300179988 0.553065717
420.000000 2.255895138 1.201579452 0.059415504 0.724320054 -0.281727880 0.300179988 0.553065717
420.000000 2.255895138 1.201579452 0.059415504 0.724320054 -0.281727880 0.300179988 0.553065717
420.000000 2.255895138 1.201579452 0.059415504 0.724320054 -0.281727880 0.300179988 0.553065717
420.000000 2.255895138 1.201579452 0.059415504 0.724320054 -0.281727880 0.300179988 0.553065717
420.000000 2.255895138 1.201579452 0.059415504 0.724320054 -0.281727880 0.300179988 0.553065717
420.000000 2.255895138 1.201579452 0.059415504 0.724320054 -0.281727880 0.300179988 0.553065717
420.000000 2.255895138 1.201579452 0.059415504 0.724320054 -0.281727880 0.300179988 0.553065717
420.000000 2.255895138 1.201579452 0.059415504 0.724320054 -0.281727880 0.300179988 0.553065717
420.000000 2.255895138 1.201579452 0.059415504 0.724320054 -0.281727880 0.300179988 0.553065717
420.000000 2.255895138 1.201579452 0.059415504 0.724320054 -0.281727880 0.300179988 0.553065717
420.000000 2.255895138 1.201579452 0.059415504 0.724320054 -0.281727880 0.300179988 0.553065717
420.000000 2.255895138 1.201579452 0.059415504 0.724320054 -0.281727880 0.300179988 0.553065717
420.000000 2.255895138 1.201579452 0.059415504 0.724320054 -0.281727880 0.300179988 0.553065717
420.000000 2.255895138 1.201579452 0.059415504 0.724320054 -0.281727880 0.300179988 0.553065717
420.000000 2.255895138 1.201579452 0.059415504 0.724320054 -0.281727880 0.300179988 0.553065717
420.000000 2.255895138 1.201579452 0.059415504 0.724320054 -0.281727880 0.300179988 0.553065717
420.000000 2.255895138 1.201579452 0.059415504 0.724320054 -0.281727880 0.300179988 0.553065717
420.000000 2.255895138 1.201579452 0.059415504 0.724320054 -0.281727880 0.300179988 0.553065717
420.000000 2.255895138 1.201579452 0.059415504 0.724320054 -0.281727880 0.300179988 0.553065717
420.000000 2.255895138 1.201579452 0.059415504 0.724320054 -0.281727880 0.300179988 0.553065717
420.000000 2.255895138 1.201579452 0.059415504 0.724320054 -0.281727880 0.300179988 0.553065717
420.000000 2.255895138 1.201579452 0.059415504 0.724320054 -0.281727880 0.300179988 0.553065717
420.000000 2.255895138 1.201579452 0.059415504 0.724320054 -0.281727880 0.300179988 0.553065717
420.000000 2.255895138 1.201579452 0.059415504 0.724320054 -0.281727880 0.300179988 0.553065717
420.000000 2.255895138 1.201579452 0.059415504 0.724320054 -0.281727880 0.300179988 0.553065717
420.000000 2.255895138 1.201579452 0.059415504 0.724320054 -0.281727880 0.300179988 0.553065717
420.000000 2.255895138 1.201579452 0.059415504 0.724320054 -0.281727880 0.300179988 0.553065717
420.000000 2.255895138 1.201579452 0.059415504 0.724320054 -0.281727880 0.300179988 0.553065717
420.000000 2.255895138 1.201579452 0.059415504 0.724320054 -0.281727880 0.300179988 0.553065717
420.000000 2.255895138 1.201579452 0.059415504 0.724320054 -0.281727880 0.300179988 0.553065717
420.000000 2.255895138 1.201579452 0.059415504 0.724320054 -0.281727880 0.300179988 0.553065717
420.000000 2.255895138 1.201579452 0.059415504 0.724320054 -0.281727880 0.300179988 0.553065717
420.000000 2.255895138 1.201579452 0.059415504 0.724320054 -0.281727880 0.300179988 0.553065717
420.000000 2.255895138 1.201579452 0.059415504 0.724320054 -0.281727880 0.300179988 0.553065717
420.000000 2.255895138 1.201579452 0.059415504 0.724320054 -0.281727880 0.300179988 0.553065717
420.000000 2.255895138 1.201579452 0.059415504 0.724320054 -0.281727880 0.300179988 0.553065717
420.000000 2.255895138 1.201579452 0.059415504 0.724320054 -0.281727880 0.300179988 0.553065717
420.000000 2.255895138 1.201579452 0.059415504 0.724320054 -0.281727880 0.300179988 0.553065717
420.000000 2.255895138 1.201579452 0.059415504 0.724320054 -0.281727880 0.300179988 0.553065717
420.000000 2.255895138 1.201579452 0.059415504 0.724320054 -0.281727880 0.300179988 0.553065717
420.000000 2.255895138 1.201579452 0.059415504 0.724320054 -0.281727880 0.300179988 0.553065717
420.000000 2.255895138 1.201579452 0.059415504 0.724320054 -0.281727880 0.300179988 0.553065717
420.000000 2.255895138 1.201579452 0.059415504 0.724320054 -0.281727880 0.300179988 0.553065717
420.000000 2.255895138 1.201579452 0.059415504 0.724320054 -0.281727880 0.300179988 0.553065717
420.000000 2.255895138 1.201579452 0.059415504 0.724320054 -0.281727880 0.300179988 0.553065717
420.000000 2.255895138 1.201579452 0.059415504 0.724320054 -0.281727880 0.300179988 0.553065717
420.000000 2.255895138 1.201579452 0.059415504 0.724320054 -0.281727880 0.300179988 0.553065717
420.000000 2.255895138 1.201579452 0.059415504 0.724320054 -0.281727880 0.300179988 0.553065717
420.000000 2.255895138 1.201579452 0.059415504 0.724320054 -0.281727880 0.300179988 0.553065717
420.000000 2.255895138 1.201579452 0.059415504 0.724320054 -0.281727880 0.300179988 0.553065717
420.000000 2.255895138 1.201579452 0.059415504 0.724320054 -0.281727880 0.300179988 0.553065717
420.000000 2.255895138 1.201579452 0.059415504 0.724320054 -0.281727880 0.300179988 0.553065717
420.000000 2.255895138 1.201579452 0.059415504 0.724320054 -0.281727880 0.300179988 0.553065717
420.000000 2.255895138 1.201579452 0.059415504 0.724320054 -0.281727880 0.300179988 0.553065717
420.000000 2.255895138 1.201579452 0.059415504 0.724320054 -0.281727880 0.300179988 0.553065717
420.000000 2.255895138 1.201579452 0.059415504 0.724320054 -0.281727880 0.300179988 0.553065717
420.000000 2.255895138 1.201579452 0.059415504 0.724320054 -0.281727880 0.300179988 0.553065717
420.000000 2.255895138 1.201579452 0.059415504 0.724320054 -0.281727880 0.300179988 0.553065717
420.000000 2.255895138 1.201579452 0.059415504 0.724320054 -0.281727880 0.300179988 0.553065717
420.000000 2.255895138 1.201579452 0.059415504 0.724320054 -0.281727880 0.300179988 0.553065717
420.000000 2.255895138 1.201579452 0.059415504 0.724320054 -0.281727880 0.300179988 0.553065717
420.000000 2.255895138 1.201579452 0.059415504 0.724320054 -0.281727880 0.300179988 0.553065717
420.000000 2.255895138 1.201579452 0.059415504 0.724320054 -0.281727880 0.300179988 0.553065717
420.000000 2.255895138 1.201579452 0.059415504 0.724320054 -0.281727880 0.300179988 0.553065717
420.000000 2.255895138 1.201579452 0.059415504 0.724320054 -0.281727880 0.300179988 0.553065717
420.000000 2.255895138 1.201579452 0.059415504 0.724320054 -0.281727880 0.300179988 0.553065717
420.000000 2.255895138 1.201579452 0.059415504 0.724320054 -0.281727880 0.300179988 0.553065717
420.000000 2.255895138 1.201579452 0.059415504 0.724320054 -0.281727880 0.300179988 0.553065717
420.000000 2.255895138 1.201579452 0.059415504 0.724320054 -0.281727880 0.300179988 0.553065717
420.000000 2.255895138 1.201579452 0.059415504 0.724320054 -0.281727880 0.300179988 0.553065717
420.000000 2.255895138 1.201579452 0.059415504 0.724320054 -0.281727880 0.300179988 0.553065717
420.000000 2.255895138 1.201579452 0.059415504 0.724320054 -0.281727880 0.300179988 0.553065717
420.000000 2.255895138 1.201579452 0.059415504 0.724320054 -0.281727880 0.300179988 0.553065717
420.000000 2.255895138 1.201579452 0.059415504 0.724320054 -0.281727880 0.300179988 0.553065717
420.000000 2.255895138 1.201579452 0.059415504 0.724320054 -0.281727880 0.300179988 0.553065717
420.000000 2.255895138 1.201579452 0.059415504 0.724320054 -0.281727880 0.300179988 0.553065717
420.000000 2.255895138 1.201579452 0.059415504 0.724320054 -0.281727880 0.300179988 0.553065717
420.000000 2.255895138 1.201579452 0.059415504 0.724320054 -0.281727880 0.300179988 0.553065717
420.000000 2.255895138 1.201579452 0.059415504 0.724320054 -0.281727880 0.300179988 0.553065717
420.000000 2.255895138 1.201579452 0.059415504 0.724320054 -0.281727880 0.300179988 0.553065717
420.000000 2.255895138 1.201579452 0.059415504 0.724320054 -0.281727880 0.300179988 0.553065717
420.000000 2.255895138 1.201579452 0.059415504 0.724320054 -0.281727880 0.300179988 0.553065717
420.000000 2.255895138 1.201579452 0.059415504 0.724320054 -0.281727880 0.300179988 0.553065717
420.000000 2.255895138 1.201579452 0.059415504 0.724320054 -0.281727880 0.300179988 0.553065717
420.000000 2.255895138 1.201579452 0.059415504 0.724320054 -0.281727880 0.300179988 0.553065717
420.000000 2.255895138 1.201579452 0.059415504 0.724320054 -0.281727880 0.300179988 0.553065717
420.000000 2.255895138 1.201579452 0.059415504 0.724320054 -0.281727880 0.300179988 0.553065717
420.000000 2.255895138 1.201579452 0.059415504 0.724320054 -0.281727880 0.300179988 0.553065717
420.000000 2.255895138 1.201579452 0.059415504 0.724320054 -0.281727880 0.300179988 0.553065717
420.000000 2.255895138 1.201579452 0.059415504 0.724320054 -0.281727880 0.300179988 0.553065717
420.000000 2.255895138 1.201579452 0.059415504 0.724320054 -0.281727880 0.300179988 0.553065717
420.000000 2.255895138 1.201579452 0.059415504 0.724320054 -0.281727880 0.300179988 0.553065717
420.000000 2.255895138 1.201579452 0.059415504 0.724320054 -0.281727880 0.300179988 0.553065717
420.000000 2.255895138 1.201579452 0.059415504 0.724320054 -0.281727880 0.300179988 0.553065717
420.000000 2.255895138 1.201579452 0.059415504 0.724320054 -0.281727880 0.300179988 0.553065717
420.000000 2.255895138 1.201579452 0.059415504 0.724320054 -0.281727880 0.300179988 0.553065717
420.000000 2.255895138 1.201579452 0.059415504 0.724320054 -0.281727880 0.300179988 0.553065717
420.000000 2.255895138 1.201579452 0.059415504 0.724320054 -0.281727880 0.300179988 0.553065717
420.000000 2.255895138 1.201579452 0.059415504 0.724320054 -0.281727880 0.300179988 0.553065717
420.000000 2.255895138 1.201579452 0.059415504 0.724320054 -0.281727880 0.300179988 0.553065717
420.000000 2.255895138 1.201579452 0.059415504 0.724320054 -0.281727880 0.300179988 0.553065717
420.000000 2.255895138 1.201579452 0.059415504 0.724320054 -0.281727880 0.300179988 0.553065717
420.000000 2.255895138 1.201579452 0.059415504 0.724320054 -0.281727880 0.300179988 0.553065717
420.000000 2.255895138 1.201579452 0.059415504 0.724320054 -0.281727880 0.300179988 0.553065717
420.000000 2.255895138 1.201579452 0.059415504 0.724320054 -0.281727880 0.300179988 0.553065717
420.000000 2.255895138 1.201579452 0.059415504 0.724320054 -0.281727880 0.300179988 0.553065717
420.000000 2.255895138 1.201579452 0.059415504 0.724320054 -0.281727880 0.300179988 0.553065717
420.000000 2.255895138 1.201579452 0.059415504 0.724320054 -0.281727880 0.300179988 0.553065717
420.000000 2.255895138 1.201579452 0.059415504 0.724320054 -0.281727880 0.300179988 0.553065717
420.000000 2.255895138 1.201579452 0.059415504 0.724320054 -0.281727880 0.300179988 0.553065717
420.000000 2.255895138 1.201579452 0.059415504 0.724320054 -0.281727880 0.300179988 0.553065717
420.000000 2.255895138 1.201579452 0.059415504 0.724320054 -0.281727880 0.300179988 0.553065717
420.000000 2.255895138 1.201579452 0.059415504 0.724320054 -0.281727880 0.300179988 0.553065717
420.000000 2.255895138 1.201579452 0.059415504 0.724320054 -0.281727880 0.300179988 0.553065717
420.000000 2.255895138 1.201579452 0.059415504 0.724320054 -0.281727880 0.300179988 0.553065717
420.000000 2.255895138 1.201579452 0.059415504 0.724320054 -0.281727880 0.300179988 0.553065717
420.000000 2.255895138 1.201579452 0.059415504 0.724320054 -0.281727880 0.300179988 0.553065717
420.000000 2.255895138 1.201579452 0.059415504 0.724320054 -0.281727880 0.300179988 0.553065717
420.000000 2.255895138 1.201579452 0.059415504 0.724320054 -0.281727880 0.300179988 0.553065717
420.000000 2.255895138 1.201579452 0.059415504 0.724320054 -0.281727880 0.300179988 0.553065717
420.000000 2.255895138 1.201579452 0.059415504 0.724320054 -0.281727880 0.300179988 0.553065717
420.000000 2.255895138 1.201579452 0.059415504 0.724320054 -0.281727880 0.300179988 0.553065717
420.000000 2.255895138 1.201579452 0.059415504 0.724320054 -0.281727880 0.300179988 0.553065717
420.000000 2.255895138 1.201579452 0.059415504 0.724320054 -0.281727880 0.300179988 0.553065717
420.000000 2.255895138 1.201579452 0.059415504 0.724320054 -0.281727880 0.300179988 0.553065717
420.000000 2.255895138 1.201579452 0.059415504 0.724320054 -0.281727880 0.300179988 0.553065717
420.000000 2.255895138 1.201579452 0.059415504 0.724320054 -0.281727880 0.300179988 0.553065717
420.000000 2.255895138 1.201579452 0.059415504 0.724320054 -0.281727880 0.300179988 0.553065717
420.000000 2.255895138 1.201579452 0.059415504 0.724320054 -0.281727880 0.300179988 0.553065717
420.000000 2.255895138 1.201579452 0.059415504 0.724320054 -0.281727880 0.300179988 0.553065717
420.000000 2.255895138 1.201579452 0.059415504 0.724320054 -0.281727880 0.300179988 0.553065717
420.000000 2.255895138 1.201579452 0.059415504 0.724320054 -0.281727880 0.300179988 0.553065717
420.000000 2.255895138 1.201579452 0.059415504 0.724320054 -0.281727880 0.300179988 0.553065717
420.000000 2.255895138 1.201579452 0.059415504 0.724320054 -0.281727880 0.300179988 0.553065717
420.000000 2.255895138 1.201579452 0.059415504 0.724320054 -0.281727880 0.300179988 0.553065717
420.000000 2.255895138 1.201579452 0.059415504 0.724320054 -0.281727880 0.300179988 0.553065717
420.000000 2.255895138 1.201579452 0.059415504 0.724320054 -0.281727880 0.300179988 0.553065717
420.000000 2.255895138 1.201579452 0.059415504 0.724320054 -0.281727880 0.300179988 0.553065717
420.000000 2.255895138 1.201579452 0.059415504 0.724320054 -0.281727880 0.300179988 0.553065717
420.000000 2.255895138 1.201579452 0.059415504 0.724320054 -0.281727880 0.300179988 0.553065717
420.000000 2.255895138 1.201579452 0.059415504 0.724320054 -0.281727880 0.300179988 0.553065717
420.000000 2.255895138 1.201579452 0.059415504 0.724320054 -0.281727880 0.300179988 0.553065717
420.000000 2.255895138 1.201579452 0.059415504 0.724320054 -0.281727880 0.300179988 0.553065717
420.000000 2.255895138 1.201579452 0.059415504 0.724320054 -0.281727880 0.300179988 0.553065717
420.000000 2.255895138 1.201579452 0.059415504 0.724320054 -0.281727880 0.300179988 0.553065717
420.000000 2.255895138 1.201579452 0.059415504 0.724320054 -0.281727880 0.300179988 0.553065717
420.000000 2.255895138 1.201579452 0.059415504 0.724320054 -0.281727880 0.300179988 0.553065717
420.000000 2.255895138 1.201579452 0.059415504 0.724320054 -0.281727880 0.300179988 0.553065717
420.000000 2.255895138 1.201579452 0.059415504 0.724320054 -0.281727880 0.300179988 0.553065717
420.000000 2.255895138 1.201579452 0.059415504 0.724320054 -0.281727880 0.300179988 0.553065717
420.000000 2.255895138 1.201579452 0.059415504 0.724320054 -0.281727880 0.300179988 0.553065717
420.000000 2.255895138 1.201579452 0.059415504 0.724320054 -0.281727880 0.300179988 0.553065717
420.000000 2.255895138 1.201579452 0.059415504 0.724320054 -0.281727880 0.300179988 0.553065717
420.000000 2.255895138 1.201579452 0.059415504 0.724320054 -0.281727880 0.300179988 0.553065717
420.000000 2.255895138 1.201579452 0.059415504 0.724320054 -0.281727880 0.300179988 0.553065717
420.000000 2.255895138 1.201579452 0.059415504 0.724320054 -0.281727880 0.300179988 0.553065717
420.000000 2.255895138 1.201579452 0.059415504 0.724320054 -0.281727880 0.300179988 0.553065717
420.000000 2.255895138 1.201579452 0.059415504 0.724320054 -0.281727880 0.300179988 0.553065717
420.000000 2.255895138 1.201579452 0.059415504 0.724320054 -0.281727880 0.300179988 0.553065717
420.000000 2.255895138 1.201579452 0.059415504 0.724320054 -0.281727880 0.300179988 0.553065717
420.000000 2.255895138 1.201579452 0.059415504 0.724320054 -0.281727880 0.300179988 0.553065717
420.000000 2.255895138 1.201579452 0.059415504 0.724320054 -0.281727880 0.300179988 0.553065717
420.000000 2.255895138 1.201579452 0.059415504 0.724320054 -0.281727880 0.300179988 0.553065717
420.000000 2.255895138 1.201579452 0.059415504 0.724320054 -0.281727880 0.300179988 0.553065717
420.000000 2.255895138 1.201579452 0.059415504 0.724320054 -0.281727880 0.300179988 0.553065717
420.000000 2.255895138 1.201579452 0.059415504 0.724320054 -0.281727880 0.300179988 0.553065717
420.000000 2.255895138 1.201579452 0.059415504 0.724320054 -0.281727880 0.300179988 0.553065717
420.000000 2.255895138 1.201579452 0.059415504 0.724320054 -0.281727880 0.300179988 0.553065717
420.000000 2.255895138 1.201579452 0.059415504 0.724320054 -0.281727880 0.300179988 0.553065717
420.000000 2.255895138 1.201579452 0.059415504 0.724320054 -0.281727880 0.300179988 0.553065717
420.000000 2.255895138 1.201579452 0.059415504 0.724320054 -0.281727880 0.300179988 0.553065717
420.000000 2.255895138 1.201579452 0.059415504 0.724320054 -0.281727880 0.300179988 0.553065717
420.000000 2.255895138 1.201579452 0.059415504 0.724320054 -0.281727880 0.300179988 0.553065717
420.000000 2.255895138 1.201579452 0.059415504 0.724320054 -0.281727880 0.300179988 0.553065717
420.000000 2.255895138 1.201579452 0.059415504 0.724320054 -0.281727880 0.300179988 0.553065717
420.000000 2.255895138 1.201579452 0.059415504 0.724320054 -0.281727880 0.300179988 0.553065717
420.000000 2.255895138 1.201579452 0.059415504 0.724320054 -0.281727880 0.300179988 0.553065717
420.000000 2.255895138 1.201579452 0.059415504 0.724320054 -0.281727880 0.300179988 0.553065717
420.000000 2.255895138 1.201579452 0.059415504 0.724320054 -0.281727880 0.300179988 0.553065717
420.000000 2.255895138 1.201579452 0.059415504 0.724320054 -0.281727880 0.300179988 0.553065717
420.000000 2.255895138 1.201579452 0.059415504 0.724320054 -0.281727880 0.300179988 0.553065717
420.000000 2.255895138 1.201579452 0.059415504 0.724320054 -0.281727880 0.300179988 0.553065717
420.000000 2.255895138 1.201579452 0.059415504 0.724320054 -0.281727880 0.300179988 0.553065717
420.000000 2.255895138 1.201579452 0.059415504 0.724320054 -0.281727880 0.300179988 0.553065717
420.000000 2.255895138 1.201579452 0.059415504 0.724320054 -0.281727880 0.300179988 0.553065717
420.000000 2.255895138 1.201579452 0.059415504 0.724320054 -0.281727880 0.300179988 0.553065717
420.000000 2.255895138 1.201579452 0.059415504 0.724320054 -0.281727880 0.300179988 0.553065717
420.000000 2.255895138 1.201579452 0.059415504 0.724320054 -0.281727880 0.300179988 0.553065717
420.000000 2.255895138 1.201579452 0.059415504 0.724320054 -0.281727880 0.300179988 0.553065717
420.000000 2.255895138 1.201579452 0.059415504 0.724320054 -0.281727880 0.300179988 0.553065717
420.000000 2.255895138 1.201579452 0.059415504 0.724320054 -0.281727880 0.300179988 0.553065717
420.000000 2.255895138 1.201579452 0.059415504 0.724320054 -0.281727880 0.300179988 0.553065717
420.000000 2.255895138 1.201579452 0.059415504 0.724320054 -0.281727880 0.300179988 0.553065717
420.000000 2.255895138 1.201579452 0.059415504 0.724320054 -0.281727880 0.300179988 0.553065717
420.000000 2.255895138 1.201579452 0.059415504 0.724320054 -0.281727880 0.300179988 0.553065717
420.000000 2.255895138 1.201579452 0.059415504 0.724320054 -0.281727880 0.300179988 0.553065717
420.000000 2.255895138 1.201579452 0.059415504 0.724320054 -0.281727880 0.300179988 0.553065717
420.000000 2.255895138 1.201579452 0.059415504 0.724320054 -0.281727880 0.300179988 0.553065717
420.000000 2.255895138 1.201579452 0.059415504 0.724320054 -0.281727880 0.300179988 0.553065717
420.000000 2.255895138 1.201579452 0.059415504 0.724320054 -0.281727880 0.300179988 0.553065717
420.000000 2.255895138 1.201579452 0.059415504 0.724320054 -0.281727880 0.300179988 0.553065717
420.000000 2.255895138 1.201579452 0.059415504 0.724320054 -0.281727880 0.300179988 0.553065717
420.000000 2.255895138 1.201579452 0.059415504 0.724320054 -0.281727880 0.300179988 0.553065717
420.000000 2.255895138 1.201579452 0.059415504 0.724320054 -0.281727880 0.300179988 0.553065717
420.000000 2.255895138 1.201579452 0.059415504 0.724320054 -0.281727880 0.300179988 0.553065717
420.000000 2.255895138 1.201579452 0.059415504 0.724320054 -0.281727880 0.300179988 0.553065717
420.000000 2.255895138 1.201579452 0.059415504 0.724320054 -0.281727880 0.300179988 0.553065717
420.000000 2.255895138 1.201579452 0.059415504 0.724320054 -0.281727880 0.300179988 0.553065717
420.000000 2.255895138 1.201579452 0.059415504 0.724320054 -0.281727880 0.300179988 0.553065717
420.000000 2.255895138 1.201579452 0.059415504 0.724320054 -0.281727880 0.300179988 0.553065717
420.000000 2.255895138 1.201579452 0.059415504 0.724320054 -0.281727880 0.300179988 0.553065717
420.000000 2.255895138 1.201579452 0.059415504 0.724320054 -0.281727880 0.300179988 0.553065717
420.000000 2.255895138 1.201579452 0.059415504 0.724320054 -0.281727880 0.300179988 0.553065717
420.000000 2.255895138 1.201579452 0.059415504 0.724320054 -0.281727880 0.300179988 0.553065717
420.000000 2.255895138 1.201579452 0.059415504 0.724320054 -0.281727880 0.300179988 0.553065717
420.000000 2.255895138 1.201579452 0.059415504 0.724320054 -0.281727880 0.300179988 0.553065717
420.000000 2.255895138 1.201579452 0.059415504 0.724320054 -0.281727880 0.300179988 0.553065717
420.000000 2.255895138 1.201579452 0.059415504 0.724320054 -0.281727880 0.300179988 0.553065717
420.000000 2.255895138 1.201579452 0.059415504 0.724320054 -0.281727880 0.300179988 0.553065717
420.000000 2.255895138 1.201579452 0.059415504 0.724320054 -0.281727880 0.300179988 0.553065717
420.000000 2.255895138 1.201579452 0.059415504 0.724320054 -0.281727880 0.300179988 0.553065717
420.000000 2.255895138 1.201579452 0.059415504 0.724320054 -0.281727880 0.300179988 0.553065717
420.000000 2.255895138 1.201579452 0.059415504 0.724320054 -0.281727880 0.300179988 0.553065717
420.000000 2.255895138 1.201579452 0.059415504 0.724320054 -0.281727880 0.300179988 0.553065717
420.000000 2.255895138 1.201579452 0.059415504 0.724320054 -0.281727880 0.300179988 0.553065717
420.000000 2.255895138 1.201579452 0.059415504 0.724320054 -0.281727880 0.300179988 0.553065717
420.000000 2.255895138 1.201579452 0.059415504 0.724320054 -0.281727880 0.300179988 0.553065717
420.000000 2.255895138 1.201579452 0.059415504 0.724320054 -0.281727880 0.300179988 0.553065717
420.000000 2.255895138 1.201579452 0.059415504 0.724320054 -0.281727880 0.300179988 0.553065717
420.000000 2.255895138 1.201579452 0.059415504 0.724320054 -0.281727880 0.300179988 0.553065717
420.000000 2.255895138 1.201579452 0.059415504 0.724320054 -0.281727880 0.300179988 0.553065717
420.000000 2.255895138 1.201579452 0.059415504 0.724320054 -0.281727880 0.300179988 0.553065717
420.000000 2.255895138 1.201579452 0.059415504 0.724320054 -0.281727880 0.300179988 0.553065717
420.000000 2.255895138 1.201579452 0.059415504 0.724320054 -0.281727880 0.300179988 0.553065717
420.000000 2.255895138 1.201579452 0.059415504 0.724320054 -0.281727880 0.300179988 0.553065717
420.000000 2.255895138 1.201579452 0.059415504 0.724320054 -0.281727880 0.300179988 0.553065717
420.000000 2.255895138 1.201579452 0.059415504 0.724320054 -0.281727880 0.300179988 0.553065717
420.000000 2.255895138 1.201579452 0.059415504 0.724320054 -0.281727880 0.300179988 0.553065717
420.000000 2.255895138 1.201579452 0.059415504 0.724320054 -0.281727880 0.300179988 0.553065717
420.000000 2.255895138 1.201579452 0.059415504 0.724320054 -0.281727880 0.300179988 0.553065717
420.000000 2.255895138 1.201579452 0.059415504 0.724320054 -0.281727880 0.300179988 0.553065717
420.000000 2.255895138 1.201579452 0.059415504 0.724320054 -0.281727880 0.300179988 0.553065717
420.000000 2.255895138 1.201579452 0.059415504 0.724320054 -0.281727880 0.300179988 0.553065717
420.000000 2.255895138 1.201579452 0.059415504 0.724320054 -0.281727880 0.300179988 0.553065717
420.000000 2.255895138 1.201579452 0.059415504 0.724320054 -0.281727880 0.300179988 0.553065717
420.000000 2.255895138 1.201579452 0.059415504 0.724320054 -0.281727880 0.300179988 0.553065717
420.000000 2.255895138 1.201579452 0.059415504 0.724320054 -0.281727880 0.300179988 0.553065717
420.000000 2.255895138 1.201579452 0.059415504 0.724320054 -0.281727880 0.300179988 0.553065717
420.000000 2.255895138 1.201579452 0.059415504 0.724320054 -0.281727880 0.300179988 0.553065717
420.000000 2.255895138 1.201579452 0.059415504 0.724320054 -0.281727880 0.300179988 0.553065717
420.000000 2.255895138 1.201579452 0.059415504 0.724320054 -0.281727880 0.300179988 0.553065717
420.000000 2.255895138 1.201579452 0.059415504 0.724320054 -0.281727880 0.300179988 0.553065717
420.000000 2.255895138 1.201579452 0.059415504 0.724320054 -0.281727880 0.300179988 0.553065717
420.000000 2.255895138 1.201579452 0.059415504 0.724320054 -0.281727880 0.300179988 0.553065717
420.000000 2.255895138 1.201579452 0.059415504 0.724320054 -0.281727880 0.300179988 0.553065717
420.000000 2.255895138 1.201579452 0.059415504 0.724320054 -0.281727880 0.300179988 0.553065717
420.000000 2.255895138 1.201579452 0.059415504 0.724320054 -0.281727880 0.300179988 0.553065717
420.000000 2.255895138 1.201579452 0.059415504 0.724320054 -0.281727880 0.300179988 0.553065717
420.000000 2.255895138 1.201579452 0.059415504 0.724320054 -0.281727880 0.300179988 0.553065717
420.000000 2.255895138 1.201579452 0.059415504 0.724320054 -0.281727880 0.300179988 0.553065717
420.000000 2.255895138 1.201579452 0.059415504 0.724320054 -0.281727880 0.300179988 0.553065717
420.000000 2.255895138 1.201579452 0.059415504 0.724320054 -0.281727880 0.300179988 0.553065717
420.000000 2.255895138 1.201579452 0.059415504 0.724320054 -0.281727880 0.300179988 0.553065717
420.000000 2.255895138 1.201579452 0.059415504 0.724320054 -0.281727880 0.300179988 0.553065717
420.000000 2.255895138 1.201579452 0.059415504 0.724320054 -0.281727880 0.300179988 0.553065717
420.000000 2.255895138 1.201579452 0.059415504 0.724320054 -0.281727880 0.300179988 0.553065717
420.000000 2.255895138 1.201579452 0.059415504 0.724320054 -0.281727880 0.300179988 0.553065717
420.000000 2.255895138 1.201579452 0.059415504 0.724320054 -0.281727880 0.300179988 0.553065717
420.000000 2.255895138 1.201579452 0.059415504 0.724320054 -0.281727880 0.300179988 0.553065717
420.000000 2.255895138 1.201579452 0.059415504 0.724320054 -0.281727880 0.300179988 0.553065717
420.000000 2.255895138 1.201579452 0.059415504 0.724320054 -0.281727880 0.300179988 0.553065717
420.000000 2.255895138 1.201579452 0.059415504 0.724320054 -0.281727880 0.300179988 0.553065717
420.000000 2.255895138 1.201579452 0.059415504 0.724320054 -0.281727880 0.300179988 0.553065717
420.000000 2.255895138 1.201579452 0.059415504 0.724320054 -0.281727880 0.300179988 0.553065717
420.000000 2.255895138 1.201579452 0.059415504 0.724320054 -0.281727880 0.300179988 0.553065717
420.000000 2.255895138 1.201579452 0.059415504 0.724320054 -0.281727880 0.300179988 0.553065717
420.000000 2.255895138 1.201579452 0.059415504 0.724320054 -0.281727880 0.300179988 0.553065717
420.000000 2.255895138 1.201579452 0.059415504 0.724320054 -0.281727880 0.300179988 0.553065717
420.000000 2.255895138 1.201579452 0.059415504 0.724320054 -0.281727880 0.300179988 0.553065717
420.000000 2.255895138 1.201579452 0.059415504 0.724320054 -0.281727880 0.300179988 0.553065717
420.000000 2.255895138 1.201579452 0.059415504 0.724320054 -0.281727880 0.300179988 0.553065717
420.000000 2.255895138 1.201579452 0.059415504 0.724320054 -0.281727880 0.300179988 0.553065717
420.000000 2.255895138 1.201579452 0.059415504 0.724320054 -0.281727880 0.300179988 0.553065717
420.000000 2.255895138 1.201579452 0.059415504 0.724320054 -0.281727880 0.300179988 0.553065717
420.000000 2.255895138 1.201579452 0.059415504 0.724320054 -0.281727880 0.300179988 0.553065717
420.000000 2.255895138 1.201579452 0.059415504 0.724320054 -0.281727880 0.300179988 0.553065717
420.000000 2.255895138 1.201579452 0.059415504 0.724320054 -0.281727880 0.300179988 0.553065717
420.000000 2.255895138 1.201579452 0.059415504 0.724320054 -0.281727880 0.300179988 0.553065717
420.000000 2.255895138 1.201579452 0.059415504 0.724320054 -0.281727880 0.300179988 0.553065717
420.000000 2.255895138 1.201579452 0.059415504 0.724320054 -0.281727880 0.300179988 0.553065717
420.000000 2.255895138 1.201579452 0.059415504 0.724320054 -0.281727880 0.300179988 0.553065717
420.000000 2.255895138 1.201579452 0.059415504 0.724320054 -0.281727880 0.300179988 0.553065717
420.000000 2.255895138 1.201579452 0.059415504 0.724320054 -0.281727880 0.300179988 0.553065717
420.000000 2.255895138 1.201579452 0.059415504 0.724320054 -0.281727880 0.300179988 0.553065717
420.000000 2.255895138 1.201579452 0.059415504 0.724320054 -0.281727880 0.300179988 0.553065717
420.000000 2.255895138 1.201579452 0.059415504 0.724320054 -0.281727880 0.300179988 0.553065717
420.000000 2.255895138 1.201579452 0.059415504 0.724320054 -0.281727880 0.300179988 0.553065717
420.000000 2.255895138 1.201579452 0.059415504 0.724320054 -0.281727880 0.300179988 0.553065717
420.000000 2.255895138 1.201579452 0.059415504 0.724320054 -0.281727880 0.300179988 0.553065717
420.000000 2.255895138 1.201579452 0.059415504 0.724320054 -0.281727880 0.300179988 0.553065717
420.000000 2.255895138 1.201579452 0.059415504 0.724320054 -0.281727880 0.300179988 0.553065717
420.000000 2.255895138 1.201579452 0.059415504 0.724320054 -0.281727880 0.300179988 0.553065717
420.000000 2.255895138 1.201579452 0.059415504 0.724320054 -0.281727880 0.300179988 0.553065717
420.000000 2.255895138 1.201579452 0.059415504 0.724320054 -0.281727880 0.300179988 0.553065717
420.000000 2.255895138 1.201579452 0.059415504 0.724320054 -0.281727880 0.300179988 0.553065717
420.000000 2.255895138 1.201579452 0.059415504 0.724320054 -0.281727880 0.300179988 0.553065717
420.000000 2.255895138 1.201579452 0.059415504 0.724320054 -0.281727880 0.300179988 0.553065717
420.000000 2.255895138 1.201579452 0.059415504 0.724320054 -0.281727880 0.300179988 0.553065717
420.000000 2.255895138 1.201579452 0.059415504 0.724320054 -0.281727880 0.300179988 0.553065717
420.000000 2.255895138 1.201579452 0.059415504 0.724320054 -0.281727880 0.300179988 0.553065717
420.000000 2.255895138 1.201579452 0.059415504 0.724320054 -0.281727880 0.300179988 0.553065717
420.000000 2.255895138 1.201579452 0.059415504 0.724320054 -0.281727880 0.300179988 0.553065717
420.000000 2.255895138 1.201579452 0.059415504 0.724320054 -0.281727880 0.300179988 0.553065717
420.000000 2.255895138 1.201579452 0.059415504 0.724320054 -0.281727880 0.300179988 0.553065717
420.000000 2.255895138 1.201579452 0.059415504 0.724320054 -0.281727880 0.300179988 0.553065717
