61.000000 0.000000000 0.000000000 0.000000000 0.000000000 0.000000000 0.000000000 1.000000000
64.000000 -0.199757457 -0.016067479 -0.005515112 -0.004673107 0.019069752 -0.007489077 0.999779165
67.000000 -0.408706993 -0.044018455 -0.024186887 -0.010470024 0.035863951 -0.014925341 0.999190390
69.000000 -0.556976914 -0.071612060 -0.043060537 -0.014573117 0.045225769 -0.018615736 0.998697042
71.000000 -0.689150810 -0.102499425 -0.064721428 -0.018667538 0.054601990 -0.023052286 0.998067498
72.000000 -0.763646305 -0.118865028 -0.077198386 -0.020934114 0.057920419 -0.024673328 0.997796655
74.000000 -0.904520094 -0.143987700 -0.092684425 -0.024814138 0.062611967 -0.025688475 0.997398674
76.000000 -1.012212515 -0.159480095 -0.103598252 -0.028125040 0.063569255 -0.025532376 0.997254252
78.000000 -1.091514111 -0.165992871 -0.116488159 -0.032223932 0.063216850 -0.024594119 0.997176230
80.000000 -1.151385188 -0.170483649 -0.124384254 -0.034888640 0.063499354 -0.023591386 0.997092783
82.000000 -1.198280215 -0.171247825 -0.128984854 -0.036449268 0.063613303 -0.022344124 0.997058451
86.000000 -1.253084421 -0.163515002 -0.129173711 -0.037008267 0.062116727 -0.019735025 0.997187257
89.000000 -1.275205255 -0.159543887 -0.128266960 -0.037618976 0.059880439 -0.016305743 0.997363150
91.000000 -1.292688847 -0.154722005 -0.126339599 -0.037804663 0.057472438 -0.012772041 0.997549295
93.000000 -1.305469990 -0.150753573 -0.126034588 -0.038018107 0.054963395 -0.009655866 0.997717619
96.000000 -1.312378168 -0.142846912 -0.122620739 -0.038781140 0.049736660 -0.003854342 0.998001695
98.000000 -1.303666592 -0.130265862 -0.116074793 -0.039246317 0.045691997 -0.001104793 0.998183727
100.000000 -1.271412253 -0.117355980 -0.111152574 -0.039710715 0.040654410 0.000450331 0.998383760
103.000000 -1.213485003 -0.106682539 -0.110099874 -0.042924676 0.032591254 0.004680600 0.998535633
106.000000 -1.144980073 -0.096988134 -0.113729231 -0.048391171 0.025103031 0.007656389 0.998483598
109.000000 -1.063235283 -0.082276195 -0.119134769 -0.054265097 0.018134898 0.008553559 0.998325229
112.000000 -0.974818945 -0.059855919 -0.122735262 -0.059324909 0.011942867 0.008538367 0.998130739
115.000000 -0.894182622 -0.032744370 -0.125142530 -0.062237747 0.004807374 0.009502969 0.998004496
119.000000 -0.799357355 0.005945299 -0.130714491 -0.067192234 -0.005847769 0.010365792 0.997669041
123.000000 -0.707984686 0.019492788 -0.149407104 -0.078020222 -0.016021995 0.010849359 0.996764004
126.000000 -0.621430159 0.018035050 -0.174027264 -0.090681836 -0.025278365 0.011250327 0.995495498
130.000000 -0.482592672 0.034874894 -0.214791328 -0.108515486 -0.038294353 0.011509462 0.993290246
133.000000 -0.344544768 0.057073049 -0.249026969 -0.119811967 -0.045953408 0.007222523 0.991706192
136.000000 -0.164898634 0.078445494 -0.294039071 -0.130896628 -0.051116824 -0.001628042 0.990076005
138.000000 -0.015516138 0.098557301 -0.328527600 -0.138906419 -0.054143317 -0.012555930 0.988744557
141.000000 0.231428638 0.144299343 -0.381470442 -0.153198957 -0.052287817 -0.036183387 0.986147463
144.000000 0.440743864 0.195450246 -0.392840356 -0.161528870 -0.047505308 -0.058774494 0.983970106
147.000000 0.589584649 0.247365355 -0.383778274 -0.166054860 -0.042822052 -0.076320216 0.982225657
150.000000 0.684812844 0.282920122 -0.371577203 -0.168224528 -0.041209068 -0.086237974 0.981104136
153.000000 0.748783708 0.305329502 -0.365864724 -0.170497283 -0.042348344 -0.091547936 0.980181754
157.000000 0.827036083 0.337148041 -0.362353027 -0.175592557 -0.045962524 -0.097601324 0.978533924
159.000000 0.871219158 0.358822882 -0.360619515 -0.179142639 -0.048349060 -0.101125710 0.977416933
161.000000 0.918108344 0.381458730 -0.358853340 -0.183072343 -0.051271055 -0.103724644 0.976266861
163.000000 0.968611598 0.404034823 -0.359801501 -0.187759146 -0.055157136 -0.106194921 0.974898398
165.000000 1.024866581 0.425569087 -0.361807734 -0.192657918 -0.058587939 -0.109733857 0.973349333
167.000000 1.082252383 0.443631977 -0.365344375 -0.197205454 -0.061684310 -0.113056988 0.971865833
169.000000 1.138956547 0.462019235 -0.369802833 -0.201323658 -0.064950638 -0.116088659 0.970450222
171.000000 1.198668599 0.481307596 -0.372245044 -0.203955397 -0.067768447 -0.118673660 0.969394743
174.000000 1.301440239 0.523103535 -0.370827794 -0.205728456 -0.072869100 -0.122550286 0.968167007
178.000000 1.483157754 0.594477177 -0.374697924 -0.208761096 -0.081082352 -0.130387723 0.965838253
181.000000 1.651132226 0.666563153 -0.375679016 -0.213032424 -0.085682504 -0.142367080 0.962812185
183.000000 1.762544632 0.717850089 -0.370154202 -0.215941384 -0.087200120 -0.151536137 0.960626006
185.000000 1.861298442 0.765587628 -0.367663145 -0.219081894 -0.088364534 -0.160688043 0.958318412
188.000000 1.986533880 0.828140259 -0.363972187 -0.222921804 -0.092070706 -0.171521097 0.955201209
191.000000 2.091342211 0.883640110 -0.359592646 -0.225439265 -0.096981689 -0.177226186 0.953080535
193.000000 2.153562784 0.921059012 -0.356225789 -0.226237029 -0.101295456 -0.179437146 0.952028573
195.000000 2.209883451 0.956842303 -0.354529649 -0.227233022 -0.105593920 -0.181121796 0.951004684
198.000000 2.277207136 1.000662208 -0.355228782 -0.230407447 -0.110899955 -0.183713734 0.949137986
200.000000 2.305214882 1.022170424 -0.358005941 -0.234892309 -0.113010868 -0.186259538 0.947291672
203.000000 2.332015753 1.049247622 -0.359605491 -0.244541243 -0.114230141 -0.190633073 0.943827331
205.000000 2.339986563 1.065725565 -0.361299992 -0.253460199 -0.114825904 -0.193605468 0.940792143
207.000000 2.337596416 1.076624155 -0.355491489 -0.261029661 -0.115595274 -0.193620443 0.938622594
209.000000 2.335448265 1.086890697 -0.347314209 -0.267325610 -0.115243010 -0.194263384 0.936759233
211.000000 2.336114645 1.095483541 -0.339433044 -0.272485465 -0.113233693 -0.196024969 0.935149193
213.000000 2.337866783 1.104120135 -0.333471298 -0.277415544 -0.110719860 -0.198356122 0.933507681
216.000000 2.339489698 1.117454052 -0.322365016 -0.284470528 -0.106950983 -0.201696560 0.931105018
218.000000 2.340279102 1.128088593 -0.311557621 -0.289878786 -0.102945156 -0.205124766 0.929137468
220.000000 2.352352619 1.149322629 -0.300491691 -0.298074514 -0.096603267 -0.211908191 0.925696671
223.000000 2.387060642 1.190021396 -0.267275035 -0.309118778 -0.085681714 -0.224382117 0.920193970
225.000000 2.410594463 1.212360144 -0.248216346 -0.316058218 -0.075829335 -0.232834280 0.916594386
228.000000 2.431945801 1.235739946 -0.223487318 -0.323580354 -0.064820230 -0.242137581 0.912394345
231.000000 2.444191694 1.255895257 -0.207692072 -0.331477284 -0.059265617 -0.247691259 0.908437908
235.000000 2.448322058 1.282504320 -0.185244665 -0.344640940 -0.056682389 -0.253106087 0.902190149
238.000000 2.446506500 1.300545931 -0.176038012 -0.360026032 -0.057929721 -0.253801852 0.895885050
241.000000 2.448558331 1.320324421 -0.170484141 -0.376278698 -0.058840957 -0.254417628 0.888945282
244.000000 2.451228857 1.332524538 -0.159746915 -0.386254221 -0.056214575 -0.256909370 0.884106994
248.000000 2.449532270 1.348781228 -0.142503589 -0.398182958 -0.051878154 -0.261221290 0.877794087
251.000000 2.458702803 1.374210119 -0.122409046 -0.410268873 -0.044504832 -0.270853162 0.869676590
254.000000 2.473452806 1.455930471 -0.102789328 -0.436492890 -0.048008390 -0.301773280 0.846228123
256.000000 2.468059063 1.517390132 -0.086233743 -0.457362711 -0.056256820 -0.323519766 0.826431751
259.000000 2.454904556 1.565675378 -0.064910695 -0.478922784 -0.058508389 -0.341737628 0.806489348
262.000000 2.452205658 1.573498726 -0.046585873 -0.488508701 -0.051555399 -0.347724915 0.798616707
264.000000 2.447811842 1.562561870 -0.028442778 -0.492032886 -0.040267941 -0.347137928 0.797356486
267.000000 2.445762396 1.548987269 0.009013161 -0.499392807 -0.010802303 -0.350667506 0.792163134
270.000000 2.444631338 1.534509182 0.033064008 -0.509896517 0.007281682 -0.347414434 0.786928058
272.000000 2.446590185 1.526774526 0.038659140 -0.511420965 0.008463321 -0.345873982 0.786605477
274.000000 2.447513103 1.519841194 0.043829456 -0.512580812 0.009027780 -0.344618171 0.786395371
278.000000 2.447125912 1.507603645 0.051293999 -0.515053272 0.010609069 -0.343498588 0.785249174
280.000000 2.445128202 1.500836968 0.056142822 -0.516026974 0.011735187 -0.343354881 0.784656525
282.000000 2.441643476 1.492471099 0.060789406 -0.516783237 0.012794330 -0.343126208 0.784242153
285.000000 2.434278011 1.476683140 0.067088068 -0.518422663 0.012608857 -0.342780620 0.783313692
288.000000 2.427574635 1.462035894 0.070480600 -0.520282686 0.012050644 -0.341015399 0.782859623
290.000000 2.425366163 1.454473972 0.072577581 -0.520879507 0.011472484 -0.340631872 0.782638371
293.000000 2.423012972 1.444333315 0.078021139 -0.522376001 0.011404925 -0.340007663 0.781913042
296.000000 2.419659138 1.432671070 0.087286562 -0.524745286 0.012195080 -0.339311689 0.780615926
299.000000 2.420997858 1.421768785 0.093522400 -0.529165447 0.016220033 -0.338738471 0.777802706
301.000000 2.419031858 1.411065221 0.100624219 -0.534856915 0.025608175 -0.335956663 0.774858296
303.000000 2.415760756 1.400058270 0.108121350 -0.538784504 0.035012566 -0.334136963 0.772552848
306.000000 2.413012266 1.389958620 0.114616722 -0.543069780 0.041990381 -0.332712799 0.769814372
309.000000 2.411742210 1.383322120 0.121590346 -0.545881331 0.045298070 -0.333316565 0.767373264
311.000000 2.409946442 1.378019214 0.126958981 -0.547814429 0.048189569 -0.333969384 0.765533507
313.000000 2.409508467 1.373945713 0.130911082 -0.550716400 0.051130835 -0.335522950 0.762575567
316.000000 2.412618399 1.373596191 0.133565784 -0.557749093 0.054345760 -0.340591818 0.754956782
318.000000 2.413051128 1.371621847 0.136904836 -0.561221302 0.057594515 -0.343591034 0.750772059
321.000000 2.410583019 1.364485383 0.142043099 -0.564107001 0.060587887 -0.344440907 0.747979164
325.000000 2.408201456 1.355168343 0.151935503 -0.568365157 0.063458242 -0.344948262 0.744274676
327.000000 2.407715797 1.350292802 0.157166675 -0.571211159 0.064463764 -0.343825608 0.742526889
330.000000 2.404993296 1.344317675 0.155220285 -0.582216680 0.069773689 -0.337973505 0.736158490
332.000000 2.403098106 1.340317249 0.155606881 -0.588482678 0.073537372 -0.334062636 0.732586205
334.000000 2.401753426 1.336543918 0.157676756 -0.592157900 0.075307935 -0.332199574 0.730288446
337.000000 2.401292801 1.332456112 0.161247417 -0.595961332 0.076804526 -0.331333041 0.727426708
340.000000 2.399665356 1.327496886 0.165410742 -0.599129319 0.078420728 -0.330722004 0.724925637
342.000000 2.397786379 1.323069215 0.169096261 -0.601435363 0.080524854 -0.330684483 0.722799420
344.000000 2.395998716 1.318903446 0.170398355 -0.604527056 0.082846813 -0.330897957 0.719854116
346.000000 2.394233227 1.313733339 0.172827661 -0.607462227 0.086599849 -0.331625640 0.716599286
348.000000 2.390989304 1.309202194 0.173290372 -0.609738946 0.089444242 -0.332873464 0.713732004
350.000000 2.388705015 1.305483103 0.174142748 -0.611465991 0.091402136 -0.334487289 0.711247683
352.000000 2.386832714 1.302280068 0.174804091 -0.612679362 0.092675149 -0.335731715 0.709450185
354.000000 2.385326147 1.299086690 0.176537097 -0.613888919 0.093143597 -0.336568892 0.707944930
356.000000 2.384011745 1.295573950 0.179329991 -0.616051614 0.094103120 -0.336737007 0.705856383
359.000000 2.382673979 1.289130688 0.185307756 -0.619954109 0.094708040 -0.336698979 0.702368200
360.000000 2.382625341 1.287127733 0.186832696 -0.621361136 0.094500326 -0.336716861 0.701143205
362.000000 2.383286715 1.283714652 0.188855961 -0.624909461 0.093280554 -0.335392177 0.698783934
364.000000 2.383817434 1.280044198 0.192476124 -0.628097951 0.092010677 -0.334713340 0.696415067
366.000000 2.384104967 1.277185917 0.194749847 -0.630615473 0.090103716 -0.333792716 0.694829345
368.000000 2.383291960 1.274155259 0.197450653 -0.633485794 0.090953894 -0.333541691 0.692223310
371.000000 2.380731821 1.267523289 0.200555071 -0.638067484 0.095442608 -0.333687246 0.687323391
373.000000 2.378431559 1.262877107 0.201895401 -0.640630186 0.098326214 -0.334111601 0.684320390
375.000000 2.376536369 1.258959651 0.203515112 -0.644409001 0.101894870 -0.333692849 0.680443645
377.000000 2.375048399 1.254539728 0.204190612 -0.647193015 0.103475727 -0.335160643 0.676831841
379.000000 2.373354435 1.250139117 0.204631388 -0.650128901 0.104584537 -0.335715532 0.673564792
382.000000 2.371381760 1.243542075 0.208378628 -0.654327154 0.109590121 -0.335928261 0.668579221
384.000000 2.369837046 1.240238070 0.209961802 -0.656513453 0.111021601 -0.335485667 0.666418552
386.000000 2.368121862 1.236906886 0.211579457 -0.658349931 0.111195169 -0.335623413 0.664505780
388.000000 2.364560366 1.232419133 0.213472858 -0.661110580 0.115019597 -0.334495991 0.661676466
391.000000 2.352905273 1.226607084 0.208220452 -0.670399427 0.132418230 -0.327415615 0.652555764
394.000000 2.328059673 1.203261614 0.203516394 -0.676621854 0.147344813 -0.320106298 0.646532536
399.000000 2.298720360 1.182128191 0.190965742 -0.687536240 0.171052679 -0.308714777 0.634610236
404.000000 2.284387112 1.176261187 0.170169860 -0.696640790 0.202323228 -0.304674268 0.617195666
407.000000 2.277719259 1.177664876 0.149897337 -0.702631950 0.219960406 -0.303877503 0.604635596
410.000000 2.272386312 1.183697104 0.123305537 -0.709494770 0.235270068 -0.303565592 0.590857923
411.000000 2.271204472 1.184650064 0.115961529 -0.711494267 0.240920484 -0.303610057 0.586134911
413.000000 2.270631075 1.190215468 0.099673897 -0.715785325 0.250546515 -0.303281993 0.576973021
415.000000 2.267149687 1.192260623 0.089561194 -0.719030678 0.261005789 -0.302881747 0.568448365
418.000000 2.260761499 1.199490309 0.069110796 -0.722919285 0.271185607 -0.301043242 0.559659839
419.000000 2.258387089 1.200740933 0.063780099 -0.723577082 0.276180118 -0.300657153 0.556566298
